6321.000000
-6321.000000
6319.200000
-6319.200000
6311.000000
-6311.000000
6301.000000
-6301.000000
6291.000000
-6291.000000
6282.200000
-6282.200000
6273.500000
-6273.500000
6264.700000
-6264.700000
6256.000000
-6256.000000
6246.000000
-6246.000000
6236.000000
-6236.000000
6221.000000
-6221.000000
6203.500000
-6203.500000
6186.000000
-6186.000000
6168.500000
-6168.500000
6151.000000
-6151.000000
6148.200000
-6148.200000
6145.300000
-6145.300000
6139.700000
-6139.700000
6134.000000
-6134.000000
6128.300000
-6128.300000
6117.200000
-6117.200000
6111.600000
-6111.600000
6106.000000
-6106.000000
6094.700000
-6094.700000
6089.000000
-6089.000000
6083.300000
-6083.300000
6072.200000
-6072.200000
6061.000000
-6061.000000
6048.800000
-6048.800000
6038.300000
-6038.300000
6023.100000
-6023.100000
6016.000000
-6016.000000
6006.600000
-6006.600000
5997.100000
-5997.100000
5984.100000
-5984.100000
5971.000000
-5971.000000
5963.900000
-5963.900000
5956.700000
-5956.700000
5945.000000
-5945.000000
5933.100000
-5933.100000
5927.100000
-5927.100000
5921.000000
-5921.000000
5906.300000
-5906.300000
5891.400000
-5891.400000
5881.300000
-5881.300000
5871.000000
-5871.000000
5856.800000
-5856.800000
5845.000000
-5845.000000
5843.800000
-5843.800000
5839.500000
-5839.500000
5839.300000
-5839.300000
5839.100000
-5839.100000
5838.700000
-5838.700000
5837.900000
-5837.900000
5836.200000
-5836.200000
5835.800000
-5835.800000
5835.400000
-5835.400000
5834.700000
-5834.700000
5833.100000
-5833.100000
5821.000000
-5821.000000
5812.300000
-5812.300000
5798.200000
-5798.200000
5792.500000
-5792.500000
5783.900000
-5783.900000
5779.500000
-5779.500000
5778.700000
-5778.700000
5771.000000
-5771.000000
5767.200000
-5767.200000
5760.600000
-5760.600000
5753.400000
-5753.400000
5736.000000
-5736.000000
5734.300000
-5734.300000
5732.600000
-5732.600000
5730.900000
-5730.900000
5716.000000
-5716.000000
5701.000000
-5701.000000
5696.300000
-5696.300000
5691.600000
-5691.600000
5682.100000
-5682.100000
5666.200000
-5666.200000
5662.400000
-5662.400000
5662.100000
-5662.100000
5661.900000
-5661.900000
5661.300000
-5661.300000
5660.200000
-5660.200000
5660.100000
-5660.100000
5659.500000
-5659.500000
5658.900000
-5658.900000
5657.600000
-5657.600000
5655.100000
-5655.100000
5650.000000
-5650.000000
5629.300000
-5629.300000
5614.700000
-5614.700000
5600.000000
-5600.000000
5595.600000
-5595.600000
5591.100000
-5591.100000
5582.200000
-5582.200000
5564.300000
-5564.300000
5548.300000
-5548.300000
5540.300000
-5540.300000
5532.300000
-5532.300000
5516.200000
-5516.200000
5508.100000
-5508.100000
5500.000000
-5500.000000
5482.300000
-5482.300000
5473.400000
-5473.400000
5464.500000
-5464.500000
5448.400000
-5448.400000
5440.400000
-5440.400000
5432.400000
-5432.400000
5416.200000
-5416.200000
5408.100000
-5408.100000
5400.000000
-5400.000000
5382.300000
-5382.300000
5364.600000
-5364.600000
5332.400000
-5332.400000
5330.700000
-5330.700000
5300.000000
-5300.000000
5268.600000
-5268.600000
5237.000000
-5237.000000
5200.000000
-5200.000000
5181.100000
-5181.100000
5162.200000
-5162.200000
5143.100000
-5143.100000
5124.100000
-5124.100000
5123.500000
-5123.500000
5123.000000
-5123.000000
5121.800000
-5121.800000
5120.700000
-5120.700000
5119.500000
-5119.500000
5118.100000
-5118.100000
5116.600000
-5116.600000
5116.600000
-5116.600000
5115.200000
-5115.200000
5113.700000
-5113.700000
5110.800000
-5110.800000
5107.900000
-5107.900000
5103.900000
-5103.900000
5100.000000
-5100.000000
5099.800000
-5099.800000
5097.600000
-5097.600000
5095.000000
-5095.000000
5092.500000
-5092.500000
5087.300000
-5087.300000
5082.200000
-5082.200000
5077.000000
-5077.000000
5071.900000
-5071.900000
5066.700000
-5066.700000
5066.100000
-5066.100000
5065.600000
-5065.600000
5064.500000
-5064.500000
5063.400000
-5063.400000
5062.200000
-5062.200000
5060.000000
-5060.000000
5057.800000
-5057.800000
5053.300000
-5053.300000
5048.800000
-5048.800000
5039.800000
-5039.800000
5030.800000
-5030.800000
5015.400000
-5015.400000
5007.700000
-5007.700000
5000.000000
-5000.000000
4984.400000
-4984.400000
4968.700000
-4968.700000
4958.200000
-4958.200000
4947.700000
-4947.700000
4937.200000
-4937.200000
4927.900000
-4927.900000
4918.600000
-4918.600000
4914.900000
-4914.900000
4911.200000
-4911.200000
4907.500000
-4907.500000
4903.700000
-4903.700000
4900.000000
-4900.000000
4903.700000
-4903.700000
4907.500000
-4907.500000
4911.200000
-4911.200000
4914.900000
-4914.900000
4918.600000
-4918.600000
4927.900000
-4927.900000
4937.200000
-4937.200000
4947.700000
-4947.700000
4958.200000
-4958.200000
4968.700000
-4968.700000
4984.400000
-4984.400000
5000.000000
-5000.000000
5007.700000
-5007.700000
5015.400000
-5015.400000
5030.800000
-5030.800000
5039.800000
-5039.800000
5048.800000
-5048.800000
5053.300000
-5053.300000
5057.800000
-5057.800000
5060.000000
-5060.000000
5062.200000
-5062.200000
5063.400000
-5063.400000
5064.500000
-5064.500000
5065.600000
-5065.600000
5066.100000
-5066.100000
5066.700000
-5066.700000
5071.900000
-5071.900000
5077.000000
-5077.000000
5082.200000
-5082.200000
5087.300000
-5087.300000
5092.500000
-5092.500000
5095.000000
-5095.000000
5097.600000
-5097.600000
5099.800000
-5099.800000
5100.000000
-5100.000000
5103.900000
-5103.900000
5107.900000
-5107.900000
5110.800000
-5110.800000
5113.700000
-5113.700000
5115.200000
-5115.200000
5116.600000
-5116.600000
5116.600000
-5116.600000
5118.100000
-5118.100000
5119.500000
-5119.500000
5120.700000
-5120.700000
5121.800000
-5121.800000
5123.000000
-5123.000000
5123.500000
-5123.500000
5124.100000
-5124.100000
5143.100000
-5143.100000
5162.200000
-5162.200000
5181.100000
-5181.100000
5200.000000
-5200.000000
5237.000000
-5237.000000
5268.600000
-5268.600000
5300.000000
-5300.000000
5330.700000
-5330.700000
5332.400000
-5332.400000
5364.600000
-5364.600000
5382.300000
-5382.300000
5400.000000
-5400.000000
5408.100000
-5408.100000
5416.200000
-5416.200000
5432.400000
-5432.400000
5440.400000
-5440.400000
5448.400000
-5448.400000
5464.500000
-5464.500000
5473.400000
-5473.400000
5482.300000
-5482.300000
5500.000000
-5500.000000
5508.100000
-5508.100000
5516.200000
-5516.200000
5532.300000
-5532.300000
5540.300000
-5540.300000
5548.300000
-5548.300000
5564.300000
-5564.300000
5582.200000
-5582.200000
5591.100000
-5591.100000
5595.600000
-5595.600000
5600.000000
-5600.000000
5614.700000
-5614.700000
5629.300000
-5629.300000
5650.000000
-5650.000000
5655.100000
-5655.100000
5657.600000
-5657.600000
5658.900000
-5658.900000
5659.500000
-5659.500000
5660.100000
-5660.100000
5660.200000
-5660.200000
5661.300000
-5661.300000
5661.900000
-5661.900000
5662.100000
-5662.100000
5662.400000
-5662.400000
5666.200000
-5666.200000
5682.100000
-5682.100000
5691.600000
-5691.600000
5696.300000
-5696.300000
5701.000000
-5701.000000
5716.000000
-5716.000000
5730.900000
-5730.900000
5732.600000
-5732.600000
5734.300000
-5734.300000
5736.000000
-5736.000000
5753.400000
-5753.400000
5760.600000
-5760.600000
5767.200000
-5767.200000
5771.000000
-5771.000000
5778.700000
-5778.700000
5779.500000
-5779.500000
5783.900000
-5783.900000
5792.500000
-5792.500000
5798.200000
-5798.200000
5812.300000
-5812.300000
5821.000000
-5821.000000
5833.100000
-5833.100000
5834.700000
-5834.700000
5835.400000
-5835.400000
5835.800000
-5835.800000
5836.200000
-5836.200000
5837.900000
-5837.900000
5838.700000
-5838.700000
5839.100000
-5839.100000
5839.300000
-5839.300000
5839.500000
-5839.500000
5843.800000
-5843.800000
5845.000000
-5845.000000
5856.800000
-5856.800000
5871.000000
-5871.000000
5881.300000
-5881.300000
5891.400000
-5891.400000
5906.300000
-5906.300000
5921.000000
-5921.000000
5927.100000
-5927.100000
5933.100000
-5933.100000
5945.000000
-5945.000000
5956.700000
-5956.700000
5963.900000
-5963.900000
5971.000000
-5971.000000
5984.100000
-5984.100000
5997.100000
-5997.100000
6006.600000
-6006.600000
6016.000000
-6016.000000
6023.100000
-6023.100000
6038.300000
-6038.300000
6048.800000
-6048.800000
6061.000000
-6061.000000
6072.200000
-6072.200000
6083.300000
-6083.300000
6089.000000
-6089.000000
6094.700000
-6094.700000
6106.000000
-6106.000000
6111.600000
-6111.600000
6117.200000
-6117.200000
6128.300000
-6128.300000
6134.000000
-6134.000000
6139.700000
-6139.700000
6145.300000
-6145.300000
6148.200000
-6148.200000
6151.000000
-6151.000000
6168.500000
-6168.500000
6186.000000
-6186.000000
6203.500000
-6203.500000
6221.000000
-6221.000000
6236.000000
-6236.000000
6246.000000
-6246.000000
6256.000000
-6256.000000
6264.700000
-6264.700000
6273.500000
-6273.500000
6282.200000
-6282.200000
6291.000000
-6291.000000
6301.000000
-6301.000000
6311.000000
-6311.000000
6319.200000
-6319.200000
6321.000000
-6321.000000
6323.200000
-6323.200000
6327.300000
-6327.300000
6331.000000
-6331.000000
6334.900000
-6334.900000
6338.800000
-6338.800000
6342.700000
-6342.700000
6344.600000
-6344.600000
6346.600000
-6346.600000
6351.300000
-6351.300000
6353.700000
-6353.700000
6354.800000
-6354.800000
6356.000000
-6356.000000
6363.500000
-6363.500000
6367.200000
-6367.200000
6369.100000
-6369.100000
6370.100000
-6370.100000
6371.000000
-6371.000000
