6321.0	0.2935822
6319.2	0.0517409
6311.0	0.5876613
6301.0	0.6114476
6291.0	0.2632779
6282.2	0.7675363
6273.5	0.6948356
6264.7	0.2340155
6256.0	0.7573699
6246.0	0.5551504
6236.0	0.0963720
6221.0	0.6654042
6203.5	0.0747493
6186.0	0.6975872
6168.5	0.4971264
6151.0	0.7317828
6148.2	0.4892247
6145.3	0.1045717
6139.7	0.7379119
6134.0	0.8758584
6128.3	0.7635179
6117.2	0.4870700
6111.6	0.2248579
6106.0	0.9693208
6094.7	0.5779338
6089.0	0.2196487
6083.3	0.9081973
6072.2	0.6537320
6061.0	0.3131451
6048.8	0.4950328
6038.3	0.2637429
6023.1	0.6067274
6016.0	0.5467737
6006.6	0.8514032
5997.1	0.2181050
5984.1	0.8100516
5971.0	0.6188695
5963.9	0.9129406
5956.7	0.0439971
5945.0	0.3761693
5933.1	0.4680210
5927.1	0.1403691
5921.0	0.0415035
5906.3	0.5427693
5891.4	0.8379563
5881.3	0.5386300
5871.0	0.2744822
5856.8	0.3271110
5845.0	0.6432007
5843.8	0.0123241
5839.5	0.2028993
5839.3	0.4066496
5839.1	0.4993931
5838.7	0.4277573
5837.9	0.3759004
5836.2	0.0772569
5835.8	0.6474050
5835.4	0.2840287
5834.7	0.7309890
5833.1	0.9605502
5821.0	0.7790605
5812.3	0.9947308
5798.2	0.5672075
5792.5	0.3257642
5783.9	0.8460650
5779.5	0.7853125
5778.7	0.1357458
5771.0	0.4648655
5767.2	0.6981831
5760.6	0.1797430
5753.4	0.8410338
5736.0	0.1661341
5734.3	0.3201111
5732.6	0.8825373
5730.9	0.7089034
5716.0	0.1579984
5701.0	0.4210973
5696.3	0.9833846
5691.6	0.4851093
5682.1	0.0642290
5666.2	0.9957087
5662.4	0.6880077
5662.1	0.4708775
5661.9	0.4950318
5661.3	0.1156960
5660.2	0.8467769
5660.1	0.5722887
5659.5	0.7631010
5658.9	0.1307356
5657.6	0.3032077
5655.1	0.7235811
5650.0	0.9097961
5629.3	0.2978685
5614.7	0.2907196
5600.0	0.2354913
5595.6	0.1438646
5591.1	0.0759621
5582.2	0.3712361
5564.3	0.6087290
5548.3	0.7741452
5540.3	0.5509790
5532.3	0.4496938
5516.2	0.9402793
5508.1	0.8710891
5500.0	0.3321612
5482.3	0.6491127
5473.4	0.0290175
5464.5	0.7532585
5448.4	0.6324283
5440.4	0.5141258
5432.4	0.8174865
5416.2	0.6280670
5408.1	0.2020645
5400.0	0.2882940
5382.3	0.1230288
5364.6	0.3177594
5332.4	0.1350019
5330.7	0.6953165
5300.0	0.0807904
5268.6	0.2657365
5237.0	0.9985232
5200.0	0.8043715
5181.1	0.1754636
5162.2	0.2963228
5143.1	0.0950202
5124.1	0.4109539
5123.5	0.4401863
5123.0	0.1709823
5121.8	0.7821890
5120.7	0.0488454
5119.5	0.9451276
5118.1	0.3330980
5116.6	0.4985382
5116.6	0.8853369
5115.2	0.2041182
5113.7	0.8306984
5110.8	0.5343806
5107.9	0.2331356
5103.9	0.5838869
5100.0	0.1667390
5099.8	0.7472604
5097.6	0.4013034
5095.0	0.7948050
5092.5	0.9493249
5087.3	0.6895974
5082.2	0.9178328
5077.0	0.2670143
5071.9	0.8245984
5066.7	0.6130794
5066.1	0.3478047
5065.6	0.0902659
5064.5	0.6115326
5063.4	0.1521063
5062.2	0.2657285
5060.0	0.9078554
5057.8	0.2471264
5053.3	0.6766814
5048.8	0.3479717
5039.8	0.4181078
5030.8	0.4588014
5015.4	0.3968161
5007.7	0.3631663
5000.0	0.7918985
4984.4	0.8953533
4968.7	0.2484332
4958.2	0.9960166
4947.7	0.7259827
4937.2	0.7828129
4927.9	0.2290823
4918.6	0.3097997
4914.9	0.9495519
4911.2	0.9763427
4907.5	0.7111031
4903.7	0.7442869
4900.0	0.9255976
4903.7	0.4006305
4907.5	0.6620497
4911.2	0.1925420
4914.9	0.2251599
4918.6	0.2750591
4927.9	0.5403467
4937.2	0.3154248
4947.7	0.8865917
4958.2	0.6924520
4968.7	0.5811523
4984.4	0.7943771
5000.0	0.9395774
5007.7	0.2577638
5015.4	0.1422788
5030.8	0.3576162
5039.8	0.7165642
5048.8	0.5390939
5053.3	0.7207816
5057.8	0.5083937
5060.0	0.4343782
5062.2	0.9692138
5063.4	0.5043403
5064.5	0.1602910
5065.6	0.7519577
5066.1	0.7334216
5066.7	0.4700907
5071.9	0.7014396
5077.0	0.7096943
5082.2	0.1811237
5087.3	0.4456555
5092.5	0.6352219
5095.0	0.5817542
5097.6	0.1076362
5099.8	0.8277639
5100.0	0.8069131
5103.9	0.3826943
5107.9	0.3680406
5110.8	0.1222679
5113.7	0.2692170
5115.2	0.0604226
5116.6	0.7034203
5116.6	0.0635241
5118.1	1.0000000
5119.5	0.9611831
5120.7	0.2058019
5121.8	0.3575462
5123.0	0.6776773
5123.5	0.7448948
5124.1	0.0782578
5143.1	0.1860010
5162.2	0.1792040
5181.1	0.0474016
5200.0	0.6903403
5237.0	0.3394940
5268.6	0.7993593
5300.0	0.4236919
5330.7	0.8095847
5332.4	0.5007289
5364.6	0.1333162
5382.3	0.9907084
5400.0	0.9463844
5408.1	0.7685381
5416.2	0.5723927
5432.4	0.0539496
5440.4	0.5962320
5448.4	0.3792368
5464.5	0.4366439
5473.4	0.9642716
5482.3	0.5015048
5500.0	0.7058599
5508.1	0.0246252
5516.2	0.2048550
5532.3	0.7693830
5540.3	0.0245552
5548.3	0.1659681
5564.3	0.9751849
5582.2	0.3821004
5591.1	0.8436454
5595.6	0.7200097
5600.0	0.4603572
5614.7	0.0295774
5629.3	0.8992127
5650.0	0.5077588
5655.1	0.7199167
5657.6	0.2386378
5658.9	0.3070481
5659.5	0.1435396
5660.1	0.0481525
5660.2	0.8077760
5661.3	0.2768558
5661.9	0.0387899
5662.1	0.7540894
5662.4	0.0453239
5666.2	0.6111827
5682.1	0.8080389
5691.6	0.6415559
5696.3	0.9904185
5701.0	0.2446138
5716.0	0.6057575
5730.9	0.4918533
5732.6	0.9504727
5734.3	0.6303827
5736.0	0.6967083
5753.4	0.7197867
5760.6	0.6549368
5767.2	0.8626754
5771.0	0.6949016
5778.7	0.0369672
5779.5	0.7062508
5783.9	0.4148413
5792.5	0.4973244
5798.2	0.7358282
5812.3	0.3139850
5821.0	0.0050132
5833.1	0.4556749
5834.7	0.5526218
5835.4	0.3120603
5835.8	0.5992145
5836.2	0.6007733
5837.9	0.1197663
5838.7	0.8760703
5839.1	0.6395632
5839.3	0.8738557
5839.5	0.9213933
5843.8	0.2506759
5845.0	0.6818256
5856.8	0.5628792
5871.0	0.2410254
5881.3	0.9264385
5891.4	0.1685677
5906.3	0.7328787
5921.0	0.8768412
5927.1	0.7989494
5933.1	0.4295170
5945.0	0.5965579
5956.7	0.4538172
5963.9	0.2921224
5971.0	0.2913895
5984.1	0.4907834
5997.1	0.9983733
6006.6	0.7062308
6016.0	0.9881079
6023.1	0.7341315
6038.3	0.0201459
6048.8	0.9931201
6061.0	0.1897364
6072.2	0.5727676
6083.3	0.3051114
6089.0	0.7889509
6094.7	0.1734709
6106.0	0.4248767
6111.6	0.6649513
6117.2	0.8130342
6128.3	0.2986624
6134.0	0.5862745
6139.7	0.0636401
6145.3	0.9804880
6148.2	0.1490847
6151.0	0.3046655
6168.5	0.9068555
6186.0	0.3176524
6203.5	0.5526218
6221.0	0.3120603
6236.0	0.5992145
6246.0	0.6007733
6256.0	0.1197663
6264.7	0.8760703
6273.5	0.6395632
6282.2	0.8738557
6291.0	0.9213933
6301.0	0.2506759
6311.0	0.6818256
6319.2	0.5628792
6321.0	0.2410254
6323.2	0.9264385
6327.3	0.1685677
6331.0	0.7328787
6334.9	0.8768412
6338.8	0.7989494
6342.7	0.4295170
6344.6	0.5965579
6346.6	0.4538172
6351.3	0.2921224
6353.7	0.2913895
6354.8	0.4907834
6356.0	0.9983733
6363.5	0.7062308
6367.2	0.9881079
6369.1	0.7341315
6370.1	0.0201459
6371.0	0.9931201
