-0.0246366 0.0277819
0.0338555 0.0288841
-0.0231987 0.0291844
0.0012667 0.0273384
0.0442847 0.028576
0.00293384 0.0291138
-0.0172581 0.0280873
0.00632903 0.0272841
0.010806 0.0283009
-0.0220666 0.0291248
0.0158345 0.0272507
0.0680139 0.0282932
-0.0274242 0.028193
0.00997916 0.0279211
0.021419 0.0284815
0.0530992 0.0279005
0.0545369 0.0280444
0.0342846 0.0266168
-0.0101549 0.0280993
-0.0241799 0.0290191
0.0556956 0.0290202
0.0774587 0.0271165
0.0904508 0.0267165
0.0823349 0.0289559
0.0878529 0.0287607
0.141668 0.0288279
0.158814 0.0285871
0.207718 0.0274667
0.230124 0.0274038
0.249081 0.0289018
0.306042 0.028079
0.257534 0.0280868
0.357493 0.0284537
0.424893 0.0277213
0.458438 0.0287804
0.504596 0.0280726
0.549145 0.0267301
0.611736 0.0299443
0.681728 0.0286236
0.680326 0.0273072
0.75317 0.0273607
0.82845 0.0277432
0.824569 0.0281259
0.835112 0.0279651
0.910025 0.0273792
0.931416 0.0282717
0.994125 0.0286966
0.989309 0.0279426
1.00705 0.0285383
1.04528 0.0276551
0.986886 0.028409
0.974447 0.0278535
0.954039 0.0287659
0.989336 0.0281352
0.935982 0.0263572
0.874994 0.0285572
0.91708 0.0282557
0.851222 0.0287817
0.743811 0.027446
0.741936 0.0287227
0.699051 0.0278911
0.66382 0.027902
0.655841 0.0282801
0.561417 0.028028
0.509618 0.0276993
0.462172 0.0282896
0.390212 0.0286533
0.370789 0.0288211
0.308669 0.029256
0.273979 0.0275737
0.256744 0.0274338
0.236438 0.0275703
0.157898 0.0288842
0.125988 0.0272804
0.127966 0.0275852
0.134018 0.0277286
0.114301 0.028371
0.0844036 0.028507
0.102462 0.0269486
0.0562858 0.0276926
0.0325953 0.0268508
0.034158 0.0282014
0.0232096 0.026512
0.0386715 0.0278416
0.0164593 0.0267091
-0.0145754 0.0281809
0.0226864 0.0291178
0.0391922 0.0291294
0.0166809 0.0277028
0.023515 0.0281151
0.0516419 0.028267
-0.00297981 0.028852
0.0337047 0.0282707
-0.0467724 0.0282117
-0.0370249 0.0283871
-0.0392546 0.0278576
-0.0378732 0.0280248
0.0242645 0.0283482
-0.00836431 0.0281493
0.0542245 0.0284761
