-0.04737514
-0.04715600
-0.04821691
-0.04799784
-0.04649880
-0.04499981
-0.04350090
-0.04200204
-0.04178326
-0.04156457
-0.04134598
-0.04112750
-0.04218912
-0.04197087
-0.04047273
-0.04025473
-0.03875686
-0.03853916
-0.03832161
-0.03810423
-0.03660703
-0.03639000
-0.03745314
-0.03851649
-0.03958004
-0.03936378
-0.03914776
-0.03893194
-0.03871635
-0.03850101
-0.03700591
-0.03679106
-0.03529646
-0.03380215
-0.03358809
-0.03465430
-0.03444079
-0.03422759
-0.03529469
-0.03636209
-0.03742978
-0.03977783
-0.03956618
-0.03935486
-0.03786387
-0.03765323
-0.03872295
-0.03979299
-0.03958341
-0.03937419
-0.03916533
-0.03895685
-0.04002877
-0.03982106
-0.03961375
-0.03940685
-0.04048035
-0.04027425
-0.04134858
-0.03986333
-0.04221851
-0.04201411
-0.04309015
-0.04032663
-0.04012355
-0.03864093
-0.03971877
-0.03951706
-0.03931582
-0.03911505
-0.04019476
-0.04127493
-0.04107559
-0.03959676
-0.03811839
-0.03792053
-0.03900317
-0.04008630
-0.03860995
-0.03841411
-0.03821878
-0.03930396
-0.04166968
-0.04147592
-0.04128269
-0.04109000
-0.04089785
-0.03814623
-0.03667518
-0.03648467
-0.03629472
-0.03738531
-0.03719646
-0.03700819
-0.03426047
-0.03407333
-0.03388676
-0.03370076
-0.03223534
-0.03077050
-0.03442625
-0.04704256
-0.08781946
-0.2105170
-0.4868152
-0.8399137
-0.9242131
-0.4568327
0.4201469
1.202406
1.336984
0.7483617
0.001018792
-0.2970450
-0.1279093
0.09242575
0.1169202
0.03517412
-0.01713264
-0.07968000
-0.2113479
-0.2777366
-0.08940578
0.1936443
0.09525383
-0.5330573
-1.161369
-1.133041
-0.4122338
0.3853731
0.6607392
0.4087447
0.08634946
0.04299355
0.2338770
0.4196397
0.4146819
0.1460433
-0.2569960
-0.4808361
-0.2925165
0.1774023
0.5039604
0.3825178
-0.06404537
-0.4568493
-0.5552540
-0.4155791
-0.2528649
-0.1989513
-0.1808784
-0.06424609
0.1176656
0.2099766
0.1294869
-0.06620333
-0.1953343
-0.1145458
0.1326420
0.3209491
0.2442956
-0.04611856
-0.2469335
-0.09574878
0.3229551
0.6251782
0.5190809
0.1441828
-0.09247593
-0.04113531
0.01660463
-0.2238960
-0.6333573
-0.7983392
-0.5281221
-0.06974518
0.1646310
0.04060644
-0.2254987
-0.4186446
-0.5068310
-0.4798182
-0.2339257
0.2410861
0.6853770
0.7520676
0.4001973
-0.04767361
-0.2485052
-0.1190974
0.1984698
0.4891562
0.5660822
0.3447675
-0.06598788
-0.4012239
-0.4638207
-0.2281777
0.1981845
0.6808659
0.9971467
0.8487871
0.1589866
-0.6933745
-1.170696
-1.038739
-0.4677422
0.1506142
0.4412898
0.2788448
-0.1408809
-0.4825273
-0.5566542
-0.3965414
-0.1609094
-0.02255794
-0.07236710
-0.2348169
-0.3230272
-0.1437182
0.3683902
1.025138
1.429725
1.299272
0.6888174
-0.08803737
-0.6434529
-0.7572687
-0.5382850
-0.2847419
-0.2142394
-0.3267775
-0.5109963
-0.6491355
-0.6336753
-0.4044554
-0.06771612
0.1871026
0.3164806
0.4420180
0.6392348
0.8428512
0.9363871
0.8276824
0.5000972
0.04963124
-0.3598753
-0.6337024
-0.8256102
-1.003438
-1.154387
-1.204216
-1.088926
-0.7893156
-0.3860260
0.0006232858
0.3258320
0.6446400
0.9506477
1.099215
0.9751415
0.6616279
0.3596337
0.1843589
0.08076359
-0.06635219
-0.3107485
-0.6191453
-0.8904223
-0.9684199
-0.7430581
-0.2642564
0.2529447
0.6216652
0.8239855
0.9917454
1.224785
1.407904
1.306862
0.7770203
-0.07922208
-0.9047451
-1.309148
-1.151632
-0.6101159
0.006919920
0.4639551
0.6726698
0.6202641
0.3873780
0.09305137
-0.1743957
-0.4047232
-0.6184112
-0.8052198
-0.9331485
-0.9817177
-0.9304473
-0.7511775
-0.4311079
-0.05087882
0.2154298
0.2385380
0.1029258
0.05051318
0.2400202
0.6228068
1.049113
1.406299
1.616284
1.588188
1.269532
0.7396758
0.1944587
-0.2317190
-0.5004569
-0.6399155
-0.7409742
-0.9060332
-1.167093
-1.415353
-1.472893
-1.253954
-0.8455752
-0.4192768
-0.07745856
0.2233992
0.5652163
0.9172732
1.133650
1.062026
0.6947209
0.2070959
-0.1550896
-0.2523154
-0.1409015
-0.003888026
-0.01535487
-0.1893821
-0.3774896
-0.4068775
-0.2058657
0.1257058
0.3996769
0.4816476
0.3933781
0.2526281
0.1553978
0.09144714
-0.01090387
-0.1670153
-0.3026468
-0.3473989
-0.3076710
-0.2615436
-0.2499764
-0.2268896
-0.1154831
0.09192312
0.3044490
0.4017746
0.3442199
0.2047449
0.09726954
0.07683389
0.1229579
0.1716417
0.1768051
0.1550883
0.1768911
0.2460537
0.2755359
0.1744579
-0.03670043
-0.2427391
-0.3156580
-0.2362573
-0.1056566
-0.06081635
-0.1516564
-0.2898567
-0.3576573
-0.3128182
-0.2180594
-0.1617008
-0.1565426
-0.1475446
-0.06174691
0.1213306
0.3517677
0.5297245
0.5732811
0.4798773
0.3007132
0.08570872
-0.1164960
-0.2572610
-0.3045862
-0.2674317
-0.1675574
-0.03440334
0.09235041
0.1615039
0.1628170
0.1385300
0.1321626
0.1475550
0.1501471
0.1053789
0.02349044
-0.04175826
-0.04556722
0.003103539
0.03641404
-0.003235698
-0.09408572
-0.1836560
-0.2335465
-0.2616772
-0.2770082
-0.2577794
-0.1694309
-0.02092257
0.1301455
0.2223333
0.2236408
0.1596681
0.07393505
-0.0002782159
-0.03993173
-0.05142547
-0.04883948
-0.04241375
-0.03470824
-0.01676297
0.005022045
0.005046815
-0.03332866
-0.09218437
-0.1356803
-0.1394965
-0.1164329
-0.07672952
-0.02422637
0.04235652
0.1140592
0.1691216
0.1832238
0.1461258
0.06934749
-0.02919099
-0.1226097
-0.1865886
-0.2006477
-0.1839870
-0.1634867
-0.1506663
-0.1186461
-0.03670619
0.09515351
0.2270130
0.3102323
0.3320113
0.3256302
0.3128487
0.2795872
0.1925654
0.05818345
-0.06467873
-0.1094611
-0.06976366
-0.01726642
-0.03004937
-0.1247525
-0.2309758
-0.2629594
-0.1976631
-0.09396701
-0.03123109
-0.04657538
-0.1105599
-0.1502245
-0.1118094
-0.01195443
0.08918035
0.1391149
0.1455293
0.1609035
0.2313176
0.3388514
0.4259050
0.4335985
0.3644917
0.2608247
0.1776375
0.1213301
0.06374255
-0.02200522
-0.1320732
-0.2280613
-0.2792496
-0.2933181
-0.2958669
-0.3035356
-0.3124848
-0.3124740
-0.2804635
-0.2049330
-0.1076428
-0.02827279
0.01141699
0.02550661
0.04471602
0.06776527
0.07673430
0.05626316
0.003791809
-0.05507968
-0.08451137
-0.07298321
-0.03585524
-0.007687449
-0.01151984
-0.03711238
-0.05886510
-0.05885798
-0.03709101
-0.001244210
0.04100242
0.08068891
0.1152552
0.1408614
0.1536674
0.1459932
0.1203989
0.09736441
0.09224976
0.1050549
0.1178600
0.1153048
0.1037895
0.09611400
0.08715836
0.06412256
0.01420661
-0.04594950
-0.08178577
-0.06258216
-0.002418727
0.06414456
0.09614769
0.08207065
0.03983344
-0.01008392
-0.05872144
-0.1047991
-0.1367969
-0.1572749
-0.1636730
-0.1598313
-0.1393497
-0.1035082
-0.05614689
-0.01134576
0.01681523
0.03217607
0.05777676
0.1025773
0.1524977
0.1678579
0.1371380
0.08209795
0.03345770
0.0001773052
-0.02158324
-0.03950393
-0.05486478
-0.06510577
-0.07662691
-0.08814821
-0.1009496
-0.1099111
-0.1175928
-0.1137547
-0.08943666
-0.04463878
0.006558962
0.04495656
0.06927404
0.08207135
0.09230853
0.09486555
0.08718245
0.07309920
0.06285582
0.06541227
0.07436861
0.07308481
0.04876086
-0.001163214
-0.05620743
-0.09589179
-0.1074163
-0.08566088
-0.04982562
-0.008870497
0.02184449
0.04103934
0.04615407
0.03846864
0.02566309
0.01413741
0.01029158
0.01028563
0.008999534
0.002593325
-0.006373029
-0.005099505
0.01793388
0.05376714
0.08192028
0.08191328
0.05630613
0.02301884
0.002531449
-0.001316091
0.001236234
-0.009011574
-0.03845952
-0.07942757
-0.1139958
-0.1344841
-0.1421725
-0.1473011
-0.1460298
-0.1268386
-0.08204748
-0.02445650
0.02161431
0.04592502
0.05359560
0.05998607
0.06509641
0.06508662
0.05483670
0.03818664
0.01897646
0.003606180
-0.001524202
0.003585249
0.01765463
0.02532387
0.02275297
0.004821986
-0.02078911
-0.03872034
-0.04385166
-0.04130312
-0.03619467
-0.03748633
-0.04517811
-0.05926999
-0.07976196
-0.09257406
-0.08874626
-0.06699856
-0.03245096
-0.0004634559
0.02128394
0.02895125
0.03405842
0.04556555
0.05963255
0.06985946
0.06984628
0.05959302
0.05317964
0.05956620
0.07491266
0.08769903
0.08384531
0.05951151
0.02237760
-0.01731635
-0.05317041
-0.07750455
-0.08135875
-0.06601306
-0.03658743
-0.007161896
0.009463569
0.008168953
-0.003365733
-0.01234051
-0.007235348
0.008109719
0.02473472
0.02599963
0.01318450
-0.002190721
-0.004766018
0.004178600
0.005443165
-0.01249235
-0.04706793
-0.07524357
-0.08165927
-0.06375507
-0.04201092
-0.03178682
-0.03564280
-0.03565884
-0.01391495
0.02958887
0.07949266
0.1101964
0.1165801
0.1050437
0.09606723
0.09349073
0.09347417
0.08449756
0.06272088
0.03582412
0.01532734
0.002510481
-0.007746398
-0.02312335
-0.03850034
-0.04363739
-0.03085450
-0.01039164
0.006231140
0.01645391
0.02155659
0.02409926
0.02408185
0.02022440
0.007406879
-0.006690666
-0.02206828
-0.03104595
-0.03106365
-0.02596139
-0.02085919
-0.01831703
-0.01065492
0.0008471459
0.01106915
0.01233113
0.004633039
-0.004345096
-0.003083268
0.004578500
0.01224023
0.008381902
0.001963516
0.0006651236
0.007046651
0.01470815
0.01596960
0.009550977
0.001852327
-0.0007263431
0.005654899
0.01843612
0.02993729
0.03631841
0.03501948
0.03116053
0.02602150
0.02088243
0.01574334
0.009324161
0.009304957
0.01696571
0.02718645
0.03740710
0.03610769
0.02200825
0.0002287664
-0.02027078
-0.03309036
-0.04079001
-0.04336970
-0.04466942
-0.04596918
-0.04982901
-0.05368890
-0.05370881
-0.04732876
-0.03838874
-0.03456881
-0.03330889
-0.03460904
-0.03334922
-0.02952946
-0.02442974
-0.02189009
-0.01935047
-0.01809091
-0.01555139
-0.009171918
0.002327505
0.02406688
0.04964624
0.07010554
0.07264479
0.05982397
0.03676312
0.02138220
0.02392124
0.04054027
0.05331925
0.05585817
0.04559704
0.03405586
0.02635467
0.02377339
0.02247211
0.02245077
0.02754937
0.03520794
0.03774647
0.03132494
0.01978337
0.005681765
-0.004579878
-0.007161580
-0.009743335
-0.01744512
-0.02642696
-0.03156884
-0.02519078
-0.01113276
0.0003651707
0.005463098
0.001600965
-0.002261210
-0.003563445
-0.001025733
0.0002319058
-0.004910458
-0.01261290
-0.02031539
-0.02417793
-0.02036053
-0.01398318
-0.007605881
-0.003788638
-0.001251448
5.665235e-06
0.005102759
0.01403980
0.02169676
0.02551369
0.03061052
0.03442732
0.03824407
0.03438074
0.02283736
0.01001395
-0.001529547
-0.006673104
-0.009256708
-0.01440038
-0.02210412
-0.02340791
-0.01959176
-0.01065567
-0.004279642
-0.001743683
-0.003047784
-0.004351950
-0.006936187
-0.009520475
-0.01850484
-0.03260927
-0.04543376
-0.05697832
-0.06084292
-0.06342761
-0.06601234
-0.07243714
-0.08142202
-0.08784695
-0.08787195
-0.08405700
-0.07896212
-0.07258728
-0.06493251
-0.05471779
-0.03938314
-0.02148855
-0.007434028
0.001500444
0.001474858
-0.003670778
-0.008816468
-0.007562220
0.001371987
0.01286614
0.02052024
0.02561429
0.02558829
0.02812228
0.03321617
0.03575005
0.03060390
0.01905768
0.008791443
0.002365139
0.001058832
0.004872471
0.01252608
0.02017965
0.02527317
0.02652668
0.02522014
0.02135357
0.01748698
0.005940350
-0.01200629
-0.03251298
-0.04661968
-0.04536640
-0.03259316
-0.01213993
0.005753262
0.01852646
0.02617963
0.02743279
0.02612591
0.02353903
0.02223212
0.01964519
0.01705824
0.01063129
0.005484312
0.004177341
0.009270325
0.01948333
0.03225629
0.04246926
0.04244220
0.03729513
0.02958805
0.02316096
0.01929384
0.01798671
0.01539959
0.01409245
0.01662529
0.02299817
0.02937100
0.03190382
0.02547665
0.01520948
0.003662290
-0.005324900
-0.009192108
-0.009219317
-0.007966525
-0.007993747
-0.01058098
-0.01572821
-0.01959545
-0.01578270
-0.006849948
0.003362788
0.009735518
0.01098825
0.008400954
0.003253689
-0.001893604
-0.005760890
-0.009628195
-0.01093549
-0.01352281
-0.01483012
-0.01229744
-0.01104476
-0.01107209
-0.01493942
-0.02264677
-0.02779410
-0.02910145
-0.02528879
-0.01379614
-0.001023483
0.01558915
0.02836182
0.03729446
0.04110710
0.03979975
0.03465239
0.02822503
0.02307765
0.01793030
0.01790293
