-0.04933992
-0.05024233
-0.05114513
-0.05204785
-0.05295002
-0.05385118
-0.05475089
-0.05564874
-0.05654432
-0.05743725
-0.05832715
-0.05921367
-0.06009646
-0.06097519
-0.06184955
-0.06271922
-0.06358392
-0.06444337
-0.06529731
-0.06614548
-0.06698764
-0.06782355
-0.06865298
-0.06947572
-0.07029156
-0.07110030
-0.07190176
-0.07269576
-0.07348213
-0.07426073
-0.07503138
-0.07579397
-0.07654833
-0.07729436
-0.07803190
-0.07876086
-0.07948112
-0.08019257
-0.08089510
-0.08158864
-0.08227308
-0.08294833
-0.08361433
-0.08427099
-0.08491825
-0.08555602
-0.08618426
-0.08680292
-0.08741195
-0.08801130
-0.08860094
-0.08918083
-0.08975094
-0.09031124
-0.09086173
-0.09140237
-0.09193318
-0.09245412
-0.09296520
-0.09346642
-0.09395778
-0.09443930
-0.09491099
-0.09537286
-0.09582493
-0.09626723
-0.09669978
-0.09712261
-0.09753576
-0.09793925
-0.09833314
-0.09871745
-0.09909224
-0.09945753
-0.09981339
-0.1001599
-0.1004970
-0.1008249
-0.1011435
-0.1014530
-0.1017534
-0.1020448
-0.1023271
-0.1026006
-0.1028651
-0.1031209
-0.1033680
-0.1036065
-0.1038364
-0.1040578
-0.1042708
-0.1044754
-0.1046718
-0.1048600
-0.1050401
-0.1052122
-0.1053764
-0.1055327
-0.1056812
-0.1058220
-0.1059552
-0.1060808
-0.1061989
-0.1063097
-0.1064132
-0.1065096
-0.1065995
-0.1066834
-0.1067622
-0.1068371
-0.1069089
-0.1069780
-0.1070446
-0.1071085
-0.1071693
-0.1072268
-0.1072807
-0.1073307
-0.1073766
-0.1074180
-0.1074546
-0.1074860
-0.1075120
-0.1075324
-0.1075470
-0.1075556
-0.1075579
-0.1075541
-0.1075445
-0.1075297
-0.1075105
-0.1074878
-0.1074620
-0.1074334
-0.1074025
-0.1073695
-0.1073343
-0.1072971
-0.1072577
-0.1072159
-0.1071714
-0.1071244
-0.1070747
-0.1070224
-0.1069673
-0.1069091
-0.1068475
-0.1067823
-0.1067137
-0.1066417
-0.1065666
-0.1064887
-0.1064085
-0.1063263
-0.1062424
-0.1061573
-0.1060710
-0.1059838
-0.1058961
-0.1058080
-0.1057199
-0.1056319
-0.1055439
-0.1054562
-0.1053688
-0.1052817
-0.1051949
-0.1051082
-0.1050212
-0.1049333
-0.1048441
-0.1047530
-0.1046596
-0.1045634
-0.1044644
-0.1043626
-0.1042583
-0.1041516
-0.1040430
-0.1039326
-0.1038209
-0.1037084
-0.1035956
-0.1034835
-0.1033728
-0.1032643
-0.1031586
-0.1030560
-0.1029566
-0.1028605
-0.1027679
-0.1026791
-0.1025940
-0.1025125
-0.1024345
-0.1023596
-0.1022873
-0.1022175
-0.1021500
-0.1020847
-0.1020214
-0.1019597
-0.1018988
-0.1018378
-0.1017756
-0.1017114
-0.1016447
-0.1015753
-0.1015033
-0.1014287
-0.1013514
-0.1012711
-0.1011879
-0.1011017
-0.1010126
-0.1009211
-0.1008276
-0.1007323
-0.1006360
-0.1005390
-0.1004421
-0.1003458
-0.1002507
-0.1001568
-0.1000636
-0.09997040
-0.09987610
-0.09977961
-0.09968001
-0.09957661
-0.09946895
-0.09935670
-0.09923960
-0.09911761
-0.09899082
-0.09885957
-0.09872440
-0.09858602
-0.09844513
-0.09830242
-0.09815840
-0.09801341
-0.09786755
-0.09772059
-0.09757195
-0.09742079
-0.09726606
-0.09710669
-0.09694173
-0.09677046
-0.09659248
-0.09640778
-0.09621681
-0.09602043
-0.09581994
-0.09561691
-0.09541305
-0.09521011
-0.09500968
-0.09481312
-0.09462143
-0.09443522
-0.09425475
-0.09408003
-0.09391087
-0.09374700
-0.09358816
-0.09343407
-0.09328465
-0.09314001
-0.09300061
-0.09286723
-0.09274088
-0.09262269
-0.09251372
-0.09241479
-0.09232641
-0.09224869
-0.09218124
-0.09212321
-0.09207326
-0.09202985
-0.09199142
-0.09195671
-0.09192490
-0.09189551
-0.09186831
-0.09184311
-0.09181957
-0.09179714
-0.09177504
-0.09175240
-0.09172823
-0.09170167
-0.09167200
-0.09163874
-0.09160171
-0.09156110
-0.09151746
-0.09147171
-0.09142502
-0.09137876
-0.09133430
-0.09129299
-0.09125612
-0.09122491
-0.09120054
-0.09118404
-0.09117620
-0.09117738
-0.09118744
-0.09120562
-0.09123060
-0.09126059
-0.09129351
-0.09132717
-0.09135947
-0.09138846
-0.09141247
-0.09143011
-0.09144038
-0.09144274
-0.09143719
-0.09142428
-0.09140499
-0.09138066
-0.09135280
-0.09132298
-0.09129267
-0.09126311
-0.09123521
-0.09120946
-0.09118603
-0.09116481
-0.09114558
-0.09112815
-0.09111238
-0.09109820
-0.09108556
-0.09107444
-0.09106491
-0.09105716
-0.09105152
-0.09104835
-0.09104800
-0.09105069
-0.09105647
-0.09106527
-0.09107690
-0.09109110
-0.09110760
-0.09112612
-0.09114646
-0.09116854
-0.09119238
-0.09121814
-0.09124611
-0.09127663
-0.09131017
-0.09134722
-0.09138820
-0.09143345
-0.09148320
-0.09153755
-0.09159651
-0.09166006
-0.09172811
-0.09180053
-0.09187713
-0.09195768
-0.09204186
-0.09212927
-0.09221944
-0.09231182
-0.09240581
-0.09250080
-0.09259629
-0.09269185
-0.09278717
-0.09288198
-0.09297606
-0.09306927
-0.09316157
-0.09325305
-0.09334391
-0.09343446
-0.09352507
-0.09361617
-0.09370826
-0.09380183
-0.09389733
-0.09399505
-0.09409513
-0.09419750
-0.09430192
-0.09440802
-0.09451543
-0.09462379
-0.09473284
-0.09484243
-0.09495248
-0.09506301
-0.09517403
-0.09528553
-0.09539746
-0.09550971
-0.09562211
-0.09573444
-0.09584642
-0.09595773
-0.09606800
-0.09617686
-0.09628392
-0.09638885
-0.09649128
-0.09659089
-0.09668732
-0.09678026
-0.09686949
-0.09695486
-0.09703634
-0.09711400
-0.09718798
-0.09725851
-0.09732582
-0.09739008
-0.09745141
-0.09750986
-0.09756540
-0.09761798
-0.09766755
-0.09771407
-0.09775750
-0.09779787
-0.09783518
-0.09786944
-0.09790071
-0.09792902
-0.09795441
-0.09797695
-0.09799673
-0.09801392
-0.09802869
-0.09804130
-0.09805203
-0.09806115
-0.09806892
-0.09807555
-0.09808123
-0.09808605
-0.09809007
-0.09809332
-0.09809586
-0.09809776
-0.09809919
-0.09810036
-0.09810159
-0.09810325
-0.09810575
-0.09810957
-0.09811519
-0.09812304
-0.09813347
-0.09814675
-0.09816299
-0.09818216
-0.09820417
-0.09822879
-0.09825573
-0.09828467
-0.09831530
-0.09834735
-0.09838059
-0.09841479
-0.09844974
-0.09848531
-0.09852143
-0.09855812
-0.09859548
-0.09863365
-0.09867280
-0.09871314
-0.09875491
-0.09879838
-0.09884388
-0.09889175
-0.09894228
-0.09899573
-0.09905229
-0.09911209
-0.09917517
-0.09924141
-0.09931054
-0.09938217
-0.09945574
-0.09953060
-0.09960601
-0.09968119
-0.09975535
-0.09982771
-0.09989750
-0.09996411
-0.1000270
-0.1000857
-0.1001399
-0.1001894
-0.1002342
-0.1002744
-0.1003100
-0.1003413
-0.1003687
-0.1003924
-0.1004126
-0.1004298
-0.1004442
-0.1004560
-0.1004655
-0.1004729
-0.1004783
-0.1004822
-0.1004845
-0.1004858
-0.1004863
-0.1004862
-0.1004860
-0.1004859
-0.1004863
-0.1004875
-0.1004900
-0.1004942
-0.1005004
-0.1005089
-0.1005201
-0.1005342
-0.1005514
-0.1005718
-0.1005956
-0.1006227
-0.1006532
-0.1006870
-0.1007241
-0.1007643
-0.1008074
-0.1008534
-0.1009019
-0.1009527
-0.1010055
-0.1010601
-0.1011163
-0.1011739
-0.1012326
-0.1012924
-0.1013528
-0.1014137
-0.1014747
-0.1015357
-0.1015962
-0.1016561
-0.1017153
-0.1017736
-0.1018309
-0.1018873
-0.1019429
-0.1019978
-0.1020520
-0.1021058
-0.1021593
-0.1022126
-0.1022658
-0.1023189
-0.1023720
-0.1024250
-0.1024777
-0.1025301
-0.1025820
-0.1026333
-0.1026836
-0.1027331
-0.1027814
-0.1028286
-0.1028745
-0.1029192
-0.1029627
-0.1030049
-0.1030461
-0.1030863
-0.1031257
-0.1031646
-0.1032031
-0.1032413
-0.1032796
-0.1033178
-0.1033563
-0.1033949
-0.1034337
-0.1034727
-0.1035119
-0.1035511
-0.1035902
-0.1036292
-0.1036679
-0.1037061
-0.1037438
-0.1037808
-0.1038171
-0.1038526
-0.1038875
-0.1039215
-0.1039549
-0.1039874
-0.1040192
-0.1040501
-0.1040802
-0.1041092
-0.1041371
-0.1041639
-0.1041895
-0.1042138
-0.1042366
-0.1042580
-0.1042778
-0.1042959
-0.1043122
-0.1043264
-0.1043385
-0.1043480
-0.1043550
-0.1043590
-0.1043600
-0.1043577
-0.1043519
-0.1043425
-0.1043293
-0.1043123
-0.1042914
-0.1042667
-0.1042383
-0.1042063
-0.1041709
-0.1041323
-0.1040907
-0.1040462
-0.1039989
-0.1039491
-0.1038967
-0.1038418
-0.1037845
-0.1037248
-0.1036627
-0.1035983
-0.1035315
-0.1034624
-0.1033909
-0.1033171
-0.1032409
-0.1031623
-0.1030813
-0.1029980
-0.1029123
-0.1028243
-0.1027340
-0.1026415
-0.1025468
-0.1024502
-0.1023517
-0.1022515
-0.1021498
-0.1020468
-0.1019429
-0.1018382
-0.1017329
-0.1016274
-0.1015218
-0.1014163
-0.1013110
-0.1012063
-0.1011020
-0.1009985
-0.1008956
-0.1007936
-0.1006923
-0.1005918
-0.1004921
-0.1003931
-0.1002947
-0.1001968
-0.1000995
-0.1000026
-0.09990632
-0.09981055
-0.09971538
-0.09962088
-0.09952709
-0.09943409
-0.09934194
-0.09925071
-0.09916045
-0.09907123
-0.09898312
-0.09889614
-0.09881035
-0.09872582
-0.09864257
-0.09856067
-0.09848016
-0.09840109
-0.09832356
-0.09824767
-0.09817356
-0.09810138
-0.09803132
-0.09796358
-0.09789836
-0.09783591
-0.09777644
-0.09772015
-0.09766726
-0.09761791
-0.09757221
-0.09753023
-0.09749200
-0.09745751
-0.09742673
-0.09739956
-0.09737592
-0.09735572
-0.09733883
-0.09732515
-0.09731457
-0.09730699
-0.09730232
-0.09730049
-0.09730148
-0.09730521
-0.09731164
-0.09732072
-0.09733239
-0.09734657
-0.09736322
-0.09738224
-0.09740356
-0.09742711
-0.09745281
-0.09748061
-0.09751047
-0.09754237
-0.09757628
-0.09761219
-0.09765009
-0.09768998
-0.09773186
-0.09777571
-0.09782153
-0.09786929
-0.09791900
-0.09797064
-0.09802420
-0.09807967
-0.09813704
-0.09819629
-0.09825741
-0.09832037
-0.09838516
-0.09845175
-0.09852012
-0.09859023
-0.09866207
-0.09873559
-0.09881073
-0.09888746
-0.09896568
-0.09904531
-0.09912626
-0.09920843
-0.09929170
-0.09937597
-0.09946113
-0.09954704
-0.09963359
-0.09972060
-0.09980795
-0.09989544
-0.09998292
-0.1000702
-0.1001572
-0.1002438
-0.1003298
-0.1004151
-0.1004996
-0.1005834
-0.1006663
-0.1007484
-0.1008296
-0.1009100
-0.1009896
-0.1010684
-0.1011465
-0.1012239
-0.1013008
-0.1013772
-0.1014532
-0.1015290
-0.1016046
-0.1016802
-0.1017558
-0.1018316
-0.1019077
-0.1019841
-0.1020610
-0.1021383
-0.1022161
-0.1022943
-0.1023730
-0.1024520
-0.1025314
-0.1026111
-0.1026909
-0.1027708
-0.1028506
-0.1029302
-0.1030094
-0.1030881
-0.1031661
-0.1032432
-0.1033192
-0.1033938
-0.1034669
-0.1035383
-0.1036075
-0.1036745
-0.1037389
-0.1038006
-0.1038593
-0.1039147
-0.1039667
-0.1040149
-0.1040593
-0.1040997
-0.1041356
-0.1041671
-0.1041938
-0.1042156
-0.1042321
-0.1042432
-0.1042487
-0.1042483
-0.1042419
-0.1042291
-0.1042099
-0.1041840
-0.1041512
-0.1041113
-0.1040641
-0.1040095
-0.1039471
-0.1038768
-0.1037984
-0.1037115
-0.1036161
-0.1035117
-0.1033982
-0.1032751
-0.1031423
-0.1029993
-0.1028460
-0.1026818
-0.1025067
-0.1023201
-0.1021218
-0.1019116
-0.1016891
-0.1014540
-0.1012061
-0.1009451
-0.1006706
-0.1003823
-0.1000801
-0.09976356
-0.09943246
-0.09908654
-0.09872554
-0.09834924
-0.09795744
-0.09754996
-0.09712666
-0.09668741
-0.09623213
-0.09576078
-0.09527332
-0.09476978
-0.09425018
-0.09371462
-0.09316321
-0.09259608
-0.09201336
-0.09141520
-0.09080178
-0.09017324
-0.08952976
-0.08887152
-0.08819871
-0.08751149
-0.08681004
-0.08609457
-0.08536524
-0.08462224
-0.08386573
-0.08309589
-0.08231288
-0.08151684
-0.08070792
-0.07988625
-0.07905199
-0.07820529
-0.07734630
-0.07647517
-0.07559206
-0.07469715
-0.07379060
-0.07287258
-0.07194324
-0.07100275
-0.07005128
-0.06908900
-0.06811611
-0.06713283
-0.06613939
-0.06513607
-0.06412315
-0.06310096
-0.06206982
-0.06103005
-0.05998199
-0.05892598
-0.05786236
-0.05679150
-0.05571373
-0.05462942
-0.05353896
-0.05244271
-0.05134108
-0.05023448
-0.04912334
-0.04800811
-0.04688923
-0.04576714
-0.04464230
-0.04351516
-0.04238620
-0.04125588
-0.04012471
-0.03899318
-0.03786182
-0.03673116
-0.03560178
-0.03447422
-0.03334907
-0.03222694
-0.03110841
-0.02999414
-0.02888477
-0.02778098
-0.02668349
-0.02559304
-0.02451041
-0.02343639
-0.02237182
-0.02131758
-0.02027457
-0.01924374
-0.01822606
-0.01722254
-0.01623420
-0.01526212
-0.01430738
-0.01337110
-0.01245443
-0.01155856
-0.01068472
-0.009834174
-0.009008215
-0.008208187
-0.007435471
-0.006691487
-0.005977693
-0.005295593
-0.004646732
-0.004032702
-0.003455143
-0.002915737
-0.002416211
-0.001958326
-0.001543876
-0.001174680
-0.0008525825
-0.0005794476
-0.0003571634
-0.0001876413
-7.281937e-05
-1.466367e-05
