-0.0473751
-0.047156
-0.0482169
-0.0479978
-0.0464988
-0.0449998
-0.0435009
-0.042002
-0.0417833
-0.0415646
-0.041346
-0.0411275
-0.0421891
-0.0419709
-0.0404727
-0.0402547
-0.0387569
-0.0385392
-0.0383216
-0.0381042
-0.036607
-0.03639
-0.0374531
-0.0385165
-0.03958
-0.0393638
-0.0391478
-0.0389319
-0.0387163
-0.038501
-0.0370059
-0.0367911
-0.0352965
-0.0338021
-0.0335881
-0.0346543
-0.0344408
-0.0342276
-0.0352947
-0.0363621
-0.0374298
-0.0397778
-0.0395662
-0.0393549
-0.0378639
-0.0376532
-0.038723
-0.039793
-0.0395834
-0.0393742
-0.0391653
-0.0389569
-0.0400288
-0.0398211
-0.0396138
-0.0394069
-0.0404803
-0.0402743
-0.0413486
-0.0398633
-0.0422185
-0.0420141
-0.0430901
-0.0403266
-0.0401236
-0.0386409
-0.0397188
-0.0395171
-0.0393158
-0.0391151
-0.0401948
-0.0412749
-0.0410756
-0.0395968
-0.0381184
-0.0379205
-0.0390032
-0.0400863
-0.0386099
-0.0384141
-0.0382188
-0.039304
-0.0416697
-0.0414759
-0.0412827
-0.04109
-0.0408978
-0.0381462
-0.0366752
-0.0364847
-0.0362947
-0.0373853
-0.0371965
-0.0370082
-0.0342605
-0.0340733
-0.0338868
-0.0337008
-0.0322353
-0.0307705
-0.0344262
-0.0470426
-0.0878195
-0.210517
-0.486815
-0.839914
-0.924213
-0.456833
0.420147
1.20241
1.33698
0.748362
0.00101879
-0.297045
-0.127909
0.0924257
0.11692
0.0351741
-0.0171326
-0.07968
-0.211348
-0.277737
-0.0894058
0.193644
0.0952538
-0.533057
-1.16137
-1.13304
-0.412234
0.385373
0.660739
0.408745
0.0863495
0.0429935
0.233877
0.41964
0.414682
0.146043
-0.256996
-0.480836
-0.292517
0.177402
0.50396
0.382518
-0.0640454
-0.456849
-0.555254
-0.415579
-0.252865
-0.198951
-0.180878
-0.0642461
0.117666
0.209977
0.129487
-0.0662033
-0.195334
-0.114546
0.132642
0.320949
0.244296
-0.0461186
-0.246933
-0.0957488
0.322955
0.625178
0.519081
0.144183
-0.0924759
-0.0411353
0.0166046
-0.223896
-0.633357
-0.798339
-0.528122
-0.0697452
0.164631
0.0406064
-0.225499
-0.418645
-0.506831
-0.479818
-0.233926
0.241086
0.685377
0.752068
0.400197
-0.0476736
-0.248505
-0.119097
0.19847
0.489156
0.566082
0.344767
-0.0659879
-0.401224
-0.463821
-0.228178
0.198184
0.680866
0.997147
0.848787
0.158987
-0.693375
-1.1707
-1.03874
-0.467742
0.150614
0.44129
0.278845
-0.140881
-0.482527
-0.556654
-0.396541
-0.160909
-0.0225579
-0.0723671
-0.234817
-0.323027
-0.143718
0.36839
1.02514
1.42973
1.29927
0.688817
-0.0880374
-0.643453
-0.757269
-0.538285
-0.284742
-0.214239
-0.326778
-0.510996
-0.649136
-0.633675
-0.404455
-0.0677161
0.187103
0.316481
0.442018
0.639235
0.842851
0.936387
0.827682
0.500097
0.0496312
-0.359875
-0.633702
-0.82561
-1.00344
-1.15439
-1.20422
-1.08893
-0.789316
-0.386026
0.000623286
0.325832
0.64464
0.950648
1.09921
0.975142
0.661628
0.359634
0.184359
0.0807636
-0.0663522
-0.310748
-0.619145
-0.890422
-0.96842
-0.743058
-0.264256
0.252945
0.621665
0.823985
0.991745
1.22478
1.4079
1.30686
0.77702
-0.0792221
-0.904745
-1.30915
-1.15163
-0.610116
0.00691992
0.463955
0.67267
0.620264
0.387378
0.0930514
-0.174396
-0.404723
-0.618411
-0.80522
-0.933149
-0.981718
-0.930447
-0.751178
-0.431108
-0.0508788
0.21543
0.238538
0.102926
0.0505132
0.24002
0.622807
1.04911
1.4063
1.61628
1.58819
1.26953
0.739676
0.194459
-0.231719
-0.500457
-0.639915
-0.740974
-0.906033
-1.16709
-1.41535
-1.47289
-1.25395
-0.845575
-0.419277
-0.0774586
0.223399
0.565216
0.917273
1.13365
1.06203
0.694721
0.207096
-0.15509
-0.252315
-0.140902
-0.00388803
-0.0153549
-0.189382
-0.37749
-0.406878
-0.205866
0.125706
0.399677
0.481648
0.393378
0.252628
0.155398
0.0914471
-0.0109039
-0.167015
-0.302647
-0.347399
-0.307671
-0.261544
-0.249976
-0.22689
-0.115483
0.0919231
0.304449
0.401775
0.34422
0.204745
0.0972695
0.0768339
0.122958
0.171642
0.176805
0.155088
0.176891
0.246054
0.275536
0.174458
-0.0367004
-0.242739
-0.315658
-0.236257
-0.105657
-0.0608163
-0.151656
-0.289857
-0.357657
-0.312818
-0.218059
-0.161701
-0.156543
-0.147545
-0.0617469
0.121331
0.351768
0.529724
0.573281
0.479877
0.300713
0.0857087
-0.116496
-0.257261
-0.304586
-0.267432
-0.167557
-0.0344033
0.0923504
0.161504
0.162817
0.13853
0.132163
0.147555
0.150147
0.105379
0.0234904
-0.0417583
-0.0455672
0.00310354
0.036414
-0.0032357
-0.0940857
-0.183656
-0.233546
-0.261677
-0.277008
-0.257779
-0.169431
-0.0209226
0.130146
0.222333
0.223641
0.159668
0.073935
-0.000278216
-0.0399317
-0.0514255
-0.0488395
-0.0424137
-0.0347082
-0.016763
0.00502205
0.00504681
-0.0333287
-0.0921844
-0.13568
-0.139496
-0.116433
-0.0767295
-0.0242264
0.0423565
0.114059
0.169122
0.183224
0.146126
0.0693475
-0.029191
-0.12261
-0.186589
-0.200648
-0.183987
-0.163487
-0.150666
-0.118646
-0.0367062
0.0951535
0.227013
0.310232
0.332011
0.32563
0.312849
0.279587
0.192565
0.0581834
-0.0646787
-0.109461
-0.0697637
-0.0172664
-0.0300494
-0.124752
-0.230976
-0.262959
-0.197663
-0.093967
-0.0312311
-0.0465754
-0.11056
-0.150225
-0.111809
-0.0119544
0.0891804
0.139115
0.145529
0.160904
0.231318
0.338851
0.425905
0.433598
0.364492
0.260825
0.177638
0.12133
0.0637425
-0.0220052
-0.132073
-0.228061
-0.27925
-0.293318
-0.295867
-0.303536
-0.312485
-0.312474
-0.280463
-0.204933
-0.107643
-0.0282728
0.011417
0.0255066
0.044716
0.0677653
0.0767343
0.0562632
0.00379181
-0.0550797
-0.0845114
-0.0729832
-0.0358552
-0.00768745
-0.0115198
-0.0371124
-0.0588651
-0.058858
-0.037091
-0.00124421
0.0410024
0.0806889
0.115255
0.140861
0.153667
0.145993
0.120399
0.0973644
0.0922498
0.105055
0.11786
0.115305
0.103789
0.096114
0.0871584
0.0641226
0.0142066
-0.0459495
-0.0817858
-0.0625822
-0.00241873
0.0641446
0.0961477
0.0820706
0.0398334
-0.0100839
-0.0587214
-0.104799
-0.136797
-0.157275
-0.163673
-0.159831
-0.13935
-0.103508
-0.0561469
-0.0113458
0.0168152
0.0321761
0.0577768
0.102577
0.152498
0.167858
0.137138
0.0820979
0.0334577
0.000177305
-0.0215832
-0.0395039
-0.0548648
-0.0651058
-0.0766269
-0.0881482
-0.10095
-0.109911
-0.117593
-0.113755
-0.0894367
-0.0446388
0.00655896
0.0449566
0.069274
0.0820713
0.0923085
0.0948656
0.0871825
0.0730992
0.0628558
0.0654123
0.0743686
0.0730848
0.0487609
-0.00116321
-0.0562074
-0.0958918
-0.107416
-0.0856609
-0.0498256
-0.0088705
0.0218445
0.0410393
0.0461541
0.0384686
0.0256631
0.0141374
0.0102916
0.0102856
0.00899953
0.00259332
-0.00637303
-0.00509951
0.0179339
0.0537671
0.0819203
0.0819133
0.0563061
0.0230188
0.00253145
-0.00131609
0.00123623
-0.00901157
-0.0384595
-0.0794276
-0.113996
-0.134484
-0.142173
-0.147301
-0.14603
-0.126839
-0.0820475
-0.0244565
0.0216143
0.045925
0.0535956
0.0599861
0.0650964
0.0650866
0.0548367
0.0381866
0.0189765
0.00360618
-0.0015242
0.00358525
0.0176546
0.0253239
0.022753
0.00482199
-0.0207891
-0.0387203
-0.0438517
-0.0413031
-0.0361947
-0.0374863
-0.0451781
-0.05927
-0.079762
-0.0925741
-0.0887463
-0.0669986
-0.032451
-0.000463456
0.0212839
0.0289512
0.0340584
0.0455655
0.0596326
0.0698595
0.0698463
0.059593
0.0531796
0.0595662
0.0749127
0.087699
0.0838453
0.0595115
0.0223776
-0.0173163
-0.0531704
-0.0775045
-0.0813588
-0.0660131
-0.0365874
-0.0071619
0.00946357
0.00816895
-0.00336573
-0.0123405
-0.00723535
0.00810972
0.0247347
0.0259996
0.0131845
-0.00219072
-0.00476602
0.0041786
0.00544317
-0.0124924
-0.0470679
-0.0752436
-0.0816593
-0.0637551
-0.0420109
-0.0317868
-0.0356428
-0.0356588
-0.0139149
0.0295889
0.0794927
0.110196
0.11658
0.105044
0.0960672
0.0934907
0.0934742
0.0844976
0.0627209
0.0358241
0.0153273
0.00251048
-0.0077464
-0.0231233
-0.0385003
-0.0436374
-0.0308545
-0.0103916
0.00623114
0.0164539
0.0215566
0.0240993
0.0240819
0.0202244
0.00740688
-0.00669067
-0.0220683
-0.0310459
-0.0310637
-0.0259614
-0.0208592
-0.018317
-0.0106549
0.000847146
0.0110691
0.0123311
0.00463304
-0.0043451
-0.00308327
0.0045785
0.0122402
0.0083819
0.00196352
0.000665124
0.00704665
0.0147081
0.0159696
0.00955098
0.00185233
-0.000726343
0.0056549
0.0184361
0.0299373
0.0363184
0.0350195
0.0311605
0.0260215
0.0208824
0.0157433
0.00932416
0.00930496
0.0169657
0.0271864
0.0374071
0.0361077
0.0220082
0.000228766
-0.0202708
-0.0330904
-0.04079
-0.0433697
-0.0446694
-0.0459692
-0.049829
-0.0536889
-0.0537088
-0.0473288
-0.0383887
-0.0345688
-0.0333089
-0.034609
-0.0333492
-0.0295295
-0.0244297
-0.0218901
-0.0193505
-0.0180909
-0.0155514
-0.00917192
0.00232751
0.0240669
0.0496462
0.0701055
0.0726448
0.059824
0.0367631
0.0213822
0.0239212
0.0405403
0.0533192
0.0558582
0.045597
0.0340559
0.0263547
0.0237734
0.0224721
0.0224508
0.0275494
0.0352079
0.0377465
0.0313249
0.0197834
0.00568177
-0.00457988
-0.00716158
-0.00974333
-0.0174451
-0.026427
-0.0315688
-0.0251908
-0.0111328
0.000365171
0.0054631
0.00160097
-0.00226121
-0.00356345
-0.00102573
0.000231906
-0.00491046
-0.0126129
-0.0203154
-0.0241779
-0.0203605
-0.0139832
-0.00760588
-0.00378864
-0.00125145
5.66524e-06
0.00510276
0.0140398
0.0216968
0.0255137
0.0306105
0.0344273
0.0382441
0.0343807
0.0228374
0.0100139
-0.00152955
-0.0066731
-0.00925671
-0.0144004
-0.0221041
-0.0234079
-0.0195918
-0.0106557
-0.00427964
-0.00174368
-0.00304778
-0.00435195
-0.00693619
-0.00952047
-0.0185048
-0.0326093
-0.0454338
-0.0569783
-0.0608429
-0.0634276
-0.0660123
-0.0724371
-0.081422
-0.0878469
-0.0878719
-0.084057
-0.0789621
-0.0725873
-0.0649325
-0.0547178
-0.0393831
-0.0214885
-0.00743403
0.00150044
0.00147486
-0.00367078
-0.00881647
-0.00756222
0.00137199
0.0128661
0.0205202
0.0256143
0.0255883
0.0281223
0.0332162
0.0357501
0.0306039
0.0190577
0.00879144
0.00236514
0.00105883
0.00487247
0.0125261
0.0201796
0.0252732
0.0265267
0.0252201
0.0213536
0.017487
0.00594035
-0.0120063
-0.032513
-0.0466197
-0.0453664
-0.0325932
-0.0121399
0.00575326
0.0185265
0.0261796
0.0274328
0.0261259
0.023539
0.0222321
0.0196452
0.0170582
0.0106313
0.00548431
0.00417734
0.00927033
0.0194833
0.0322563
0.0424693
0.0424422
0.0372951
0.029588
0.023161
0.0192938
0.0179867
0.0153996
0.0140924
0.0166253
0.0229982
0.029371
0.0319038
0.0254767
0.0152095
0.00366229
-0.0053249
-0.00919211
-0.00921932
-0.00796652
-0.00799375
-0.010581
-0.0157282
-0.0195954
-0.0157827
-0.00684995
0.00336279
0.00973552
0.0109883
0.00840095
0.00325369
-0.0018936
-0.00576089
-0.0096282
-0.0109355
-0.0135228
-0.0148301
-0.0122974
-0.0110448
-0.0110721
-0.0149394
-0.0226468
-0.0277941
-0.0291014
-0.0252888
-0.0137961
-0.00102348
0.0155892
0.0283618
0.0372945
0.0411071
0.0397998
0.0346524
0.028225
0.0230777
0.0179303
0.0179029
