-0.0493399
-0.0502423
-0.0511451
-0.0520479
-0.05295
-0.0538512
-0.0547509
-0.0556487
-0.0565443
-0.0574372
-0.0583271
-0.0592137
-0.0600965
-0.0609752
-0.0618495
-0.0627192
-0.0635839
-0.0644434
-0.0652973
-0.0661455
-0.0669876
-0.0678236
-0.068653
-0.0694757
-0.0702916
-0.0711003
-0.0719018
-0.0726958
-0.0734821
-0.0742607
-0.0750314
-0.075794
-0.0765483
-0.0772944
-0.0780319
-0.0787609
-0.0794811
-0.0801926
-0.0808951
-0.0815886
-0.0822731
-0.0829483
-0.0836143
-0.084271
-0.0849182
-0.085556
-0.0861843
-0.0868029
-0.0874119
-0.0880113
-0.0886009
-0.0891808
-0.0897509
-0.0903112
-0.0908617
-0.0914024
-0.0919332
-0.0924541
-0.0929652
-0.0934664
-0.0939578
-0.0944393
-0.094911
-0.0953729
-0.0958249
-0.0962672
-0.0966998
-0.0971226
-0.0975358
-0.0979393
-0.0983331
-0.0987175
-0.0990922
-0.0994575
-0.0998134
-0.10016
-0.100497
-0.100825
-0.101144
-0.101453
-0.101753
-0.102045
-0.102327
-0.102601
-0.102865
-0.103121
-0.103368
-0.103606
-0.103836
-0.104058
-0.104271
-0.104475
-0.104672
-0.10486
-0.10504
-0.105212
-0.105376
-0.105533
-0.105681
-0.105822
-0.105955
-0.106081
-0.106199
-0.10631
-0.106413
-0.10651
-0.106599
-0.106683
-0.106762
-0.106837
-0.106909
-0.106978
-0.107045
-0.107108
-0.107169
-0.107227
-0.107281
-0.107331
-0.107377
-0.107418
-0.107455
-0.107486
-0.107512
-0.107532
-0.107547
-0.107556
-0.107558
-0.107554
-0.107544
-0.10753
-0.107511
-0.107488
-0.107462
-0.107433
-0.107403
-0.107369
-0.107334
-0.107297
-0.107258
-0.107216
-0.107171
-0.107124
-0.107075
-0.107022
-0.106967
-0.106909
-0.106847
-0.106782
-0.106714
-0.106642
-0.106567
-0.106489
-0.106408
-0.106326
-0.106242
-0.106157
-0.106071
-0.105984
-0.105896
-0.105808
-0.10572
-0.105632
-0.105544
-0.105456
-0.105369
-0.105282
-0.105195
-0.105108
-0.105021
-0.104933
-0.104844
-0.104753
-0.10466
-0.104563
-0.104464
-0.104363
-0.104258
-0.104152
-0.104043
-0.103933
-0.103821
-0.103708
-0.103596
-0.103483
-0.103373
-0.103264
-0.103159
-0.103056
-0.102957
-0.10286
-0.102768
-0.102679
-0.102594
-0.102513
-0.102435
-0.10236
-0.102287
-0.102218
-0.10215
-0.102085
-0.102021
-0.10196
-0.101899
-0.101838
-0.101776
-0.101711
-0.101645
-0.101575
-0.101503
-0.101429
-0.101351
-0.101271
-0.101188
-0.101102
-0.101013
-0.100921
-0.100828
-0.100732
-0.100636
-0.100539
-0.100442
-0.100346
-0.100251
-0.100157
-0.100064
-0.0999704
-0.0998761
-0.0997796
-0.09968
-0.0995766
-0.099469
-0.0993567
-0.0992396
-0.0991176
-0.0989908
-0.0988596
-0.0987244
-0.098586
-0.0984451
-0.0983024
-0.0981584
-0.0980134
-0.0978675
-0.0977206
-0.097572
-0.0974208
-0.0972661
-0.0971067
-0.0969417
-0.0967705
-0.0965925
-0.0964078
-0.0962168
-0.0960204
-0.0958199
-0.0956169
-0.0954131
-0.0952101
-0.0950097
-0.0948131
-0.0946214
-0.0944352
-0.0942548
-0.09408
-0.0939109
-0.093747
-0.0935882
-0.0934341
-0.0932847
-0.09314
-0.0930006
-0.0928672
-0.0927409
-0.0926227
-0.0925137
-0.0924148
-0.0923264
-0.0922487
-0.0921812
-0.0921232
-0.0920733
-0.0920298
-0.0919914
-0.0919567
-0.0919249
-0.0918955
-0.0918683
-0.0918431
-0.0918196
-0.0917971
-0.091775
-0.0917524
-0.0917282
-0.0917017
-0.091672
-0.0916387
-0.0916017
-0.0915611
-0.0915175
-0.0914717
-0.091425
-0.0913788
-0.0913343
-0.091293
-0.0912561
-0.0912249
-0.0912005
-0.091184
-0.0911762
-0.0911774
-0.0911874
-0.0912056
-0.0912306
-0.0912606
-0.0912935
-0.0913272
-0.0913595
-0.0913885
-0.0914125
-0.0914301
-0.0914404
-0.0914427
-0.0914372
-0.0914243
-0.091405
-0.0913807
-0.0913528
-0.091323
-0.0912927
-0.0912631
-0.0912352
-0.0912095
-0.091186
-0.0911648
-0.0911456
-0.0911281
-0.0911124
-0.0910982
-0.0910856
-0.0910744
-0.0910649
-0.0910572
-0.0910515
-0.0910484
-0.091048
-0.0910507
-0.0910565
-0.0910653
-0.0910769
-0.0910911
-0.0911076
-0.0911261
-0.0911465
-0.0911685
-0.0911924
-0.0912181
-0.0912461
-0.0912766
-0.0913102
-0.0913472
-0.0913882
-0.0914335
-0.0914832
-0.0915376
-0.0915965
-0.0916601
-0.0917281
-0.0918005
-0.0918771
-0.0919577
-0.0920419
-0.0921293
-0.0922194
-0.0923118
-0.0924058
-0.0925008
-0.0925963
-0.0926919
-0.0927872
-0.092882
-0.0929761
-0.0930693
-0.0931616
-0.093253
-0.0933439
-0.0934345
-0.0935251
-0.0936162
-0.0937083
-0.0938018
-0.0938973
-0.093995
-0.0940951
-0.0941975
-0.0943019
-0.094408
-0.0945154
-0.0946238
-0.0947328
-0.0948424
-0.0949525
-0.095063
-0.095174
-0.0952855
-0.0953975
-0.0955097
-0.0956221
-0.0957344
-0.0958464
-0.0959577
-0.096068
-0.0961769
-0.0962839
-0.0963888
-0.0964913
-0.0965909
-0.0966873
-0.0967803
-0.0968695
-0.0969549
-0.0970363
-0.097114
-0.097188
-0.0972585
-0.0973258
-0.0973901
-0.0974514
-0.0975099
-0.0975654
-0.097618
-0.0976676
-0.0977141
-0.0977575
-0.0977979
-0.0978352
-0.0978694
-0.0979007
-0.097929
-0.0979544
-0.097977
-0.0979967
-0.0980139
-0.0980287
-0.0980413
-0.098052
-0.0980612
-0.0980689
-0.0980756
-0.0980812
-0.0980861
-0.0980901
-0.0980933
-0.0980959
-0.0980978
-0.0980992
-0.0981004
-0.0981016
-0.0981032
-0.0981058
-0.0981096
-0.0981152
-0.098123
-0.0981335
-0.0981468
-0.098163
-0.0981822
-0.0982042
-0.0982288
-0.0982557
-0.0982847
-0.0983153
-0.0983474
-0.0983806
-0.0984148
-0.0984497
-0.0984853
-0.0985214
-0.0985581
-0.0985955
-0.0986336
-0.0986728
-0.0987131
-0.0987549
-0.0987984
-0.0988439
-0.0988917
-0.0989423
-0.0989957
-0.0990523
-0.0991121
-0.0991752
-0.0992414
-0.0993105
-0.0993822
-0.0994557
-0.0995306
-0.099606
-0.0996812
-0.0997554
-0.0998277
-0.0998975
-0.0999641
-0.100027
-0.100086
-0.10014
-0.100189
-0.100234
-0.100274
-0.10031
-0.100341
-0.100369
-0.100392
-0.100413
-0.10043
-0.100444
-0.100456
-0.100465
-0.100473
-0.100478
-0.100482
-0.100485
-0.100486
-0.100486
-0.100486
-0.100486
-0.100486
-0.100486
-0.100488
-0.10049
-0.100494
-0.1005
-0.100509
-0.10052
-0.100534
-0.100551
-0.100572
-0.100596
-0.100623
-0.100653
-0.100687
-0.100724
-0.100764
-0.100807
-0.100853
-0.100902
-0.100953
-0.101005
-0.10106
-0.101116
-0.101174
-0.101233
-0.101292
-0.101353
-0.101414
-0.101475
-0.101536
-0.101596
-0.101656
-0.101715
-0.101774
-0.101831
-0.101887
-0.101943
-0.101998
-0.102052
-0.102106
-0.102159
-0.102213
-0.102266
-0.102319
-0.102372
-0.102425
-0.102478
-0.10253
-0.102582
-0.102633
-0.102684
-0.102733
-0.102781
-0.102829
-0.102875
-0.102919
-0.102963
-0.103005
-0.103046
-0.103086
-0.103126
-0.103165
-0.103203
-0.103241
-0.10328
-0.103318
-0.103356
-0.103395
-0.103434
-0.103473
-0.103512
-0.103551
-0.10359
-0.103629
-0.103668
-0.103706
-0.103744
-0.103781
-0.103817
-0.103853
-0.103887
-0.103922
-0.103955
-0.103987
-0.104019
-0.10405
-0.10408
-0.104109
-0.104137
-0.104164
-0.10419
-0.104214
-0.104237
-0.104258
-0.104278
-0.104296
-0.104312
-0.104326
-0.104338
-0.104348
-0.104355
-0.104359
-0.10436
-0.104358
-0.104352
-0.104342
-0.104329
-0.104312
-0.104291
-0.104267
-0.104238
-0.104206
-0.104171
-0.104132
-0.104091
-0.104046
-0.103999
-0.103949
-0.103897
-0.103842
-0.103785
-0.103725
-0.103663
-0.103598
-0.103532
-0.103462
-0.103391
-0.103317
-0.103241
-0.103162
-0.103081
-0.102998
-0.102912
-0.102824
-0.102734
-0.102641
-0.102547
-0.10245
-0.102352
-0.102251
-0.10215
-0.102047
-0.101943
-0.101838
-0.101733
-0.101627
-0.101522
-0.101416
-0.101311
-0.101206
-0.101102
-0.100998
-0.100896
-0.100794
-0.100692
-0.100592
-0.100492
-0.100393
-0.100295
-0.100197
-0.100099
-0.100003
-0.0999063
-0.0998105
-0.0997154
-0.0996209
-0.0995271
-0.0994341
-0.0993419
-0.0992507
-0.0991604
-0.0990712
-0.0989831
-0.0988961
-0.0988104
-0.0987258
-0.0986426
-0.0985607
-0.0984802
-0.0984011
-0.0983236
-0.0982477
-0.0981736
-0.0981014
-0.0980313
-0.0979636
-0.0978984
-0.0978359
-0.0977764
-0.0977202
-0.0976673
-0.0976179
-0.0975722
-0.0975302
-0.097492
-0.0974575
-0.0974267
-0.0973996
-0.0973759
-0.0973557
-0.0973388
-0.0973252
-0.0973146
-0.097307
-0.0973023
-0.0973005
-0.0973015
-0.0973052
-0.0973116
-0.0973207
-0.0973324
-0.0973466
-0.0973632
-0.0973822
-0.0974036
-0.0974271
-0.0974528
-0.0974806
-0.0975105
-0.0975424
-0.0975763
-0.0976122
-0.0976501
-0.09769
-0.0977319
-0.0977757
-0.0978215
-0.0978693
-0.097919
-0.0979706
-0.0980242
-0.0980797
-0.098137
-0.0981963
-0.0982574
-0.0983204
-0.0983852
-0.0984517
-0.0985201
-0.0985902
-0.0986621
-0.0987356
-0.0988107
-0.0988875
-0.0989657
-0.0990453
-0.0991263
-0.0992084
-0.0992917
-0.099376
-0.0994611
-0.099547
-0.0996336
-0.0997206
-0.0998079
-0.0998954
-0.0999829
-0.10007
-0.100157
-0.100244
-0.10033
-0.100415
-0.1005
-0.100583
-0.100666
-0.100748
-0.10083
-0.10091
-0.10099
-0.101068
-0.101146
-0.101224
-0.101301
-0.101377
-0.101453
-0.101529
-0.101605
-0.10168
-0.101756
-0.101832
-0.101908
-0.101984
-0.102061
-0.102138
-0.102216
-0.102294
-0.102373
-0.102452
-0.102531
-0.102611
-0.102691
-0.102771
-0.102851
-0.10293
-0.103009
-0.103088
-0.103166
-0.103243
-0.103319
-0.103394
-0.103467
-0.103538
-0.103608
-0.103675
-0.103739
-0.103801
-0.103859
-0.103915
-0.103967
-0.104015
-0.104059
-0.1041
-0.104136
-0.104167
-0.104194
-0.104216
-0.104232
-0.104243
-0.104249
-0.104248
-0.104242
-0.104229
-0.10421
-0.104184
-0.104151
-0.104111
-0.104064
-0.104009
-0.103947
-0.103877
-0.103798
-0.103712
-0.103616
-0.103512
-0.103398
-0.103275
-0.103142
-0.102999
-0.102846
-0.102682
-0.102507
-0.10232
-0.102122
-0.101912
-0.101689
-0.101454
-0.101206
-0.100945
-0.100671
-0.100382
-0.10008
-0.0997636
-0.0994325
-0.0990865
-0.0987255
-0.0983492
-0.0979574
-0.09755
-0.0971267
-0.0966874
-0.0962321
-0.0957608
-0.0952733
-0.0947698
-0.0942502
-0.0937146
-0.0931632
-0.0925961
-0.0920134
-0.0914152
-0.0908018
-0.0901732
-0.0895298
-0.0888715
-0.0881987
-0.0875115
-0.08681
-0.0860946
-0.0853652
-0.0846222
-0.0838657
-0.0830959
-0.0823129
-0.0815168
-0.0807079
-0.0798863
-0.079052
-0.0782053
-0.0773463
-0.0764752
-0.0755921
-0.0746972
-0.0737906
-0.0728726
-0.0719432
-0.0710028
-0.0700513
-0.069089
-0.0681161
-0.0671328
-0.0661394
-0.0651361
-0.0641232
-0.063101
-0.0620698
-0.06103
-0.059982
-0.058926
-0.0578624
-0.0567915
-0.0557137
-0.0546294
-0.053539
-0.0524427
-0.0513411
-0.0502345
-0.0491233
-0.0480081
-0.0468892
-0.0457671
-0.0446423
-0.0435152
-0.0423862
-0.0412559
-0.0401247
-0.0389932
-0.0378618
-0.0367312
-0.0356018
-0.0344742
-0.0333491
-0.0322269
-0.0311084
-0.0299941
-0.0288848
-0.027781
-0.0266835
-0.025593
-0.0245104
-0.0234364
-0.0223718
-0.0213176
-0.0202746
-0.0192437
-0.0182261
-0.0172225
-0.0162342
-0.0152621
-0.0143074
-0.0133711
-0.0124544
-0.0115586
-0.0106847
-0.00983417
-0.00900821
-0.00820819
-0.00743547
-0.00669149
-0.00597769
-0.00529559
-0.00464673
-0.0040327
-0.00345514
-0.00291574
-0.00241621
-0.00195833
-0.00154388
-0.00117468
-0.000852582
-0.000579448
-0.000357163
-0.000187641
-7.28194e-05
-1.46637e-05
