0.000536577
-0.000159
-0.000855233
-0.0015518
-0.0022484
-0.0029447
-0.00364043
-0.00433527
-0.00502894
-0.00572116
-0.00641164
-0.0071001
-0.00778629
-0.00846993
-0.00915077
-0.00982856
-0.010503
-0.011174
-0.0118411
-0.0125043
-0.0131632
-0.0138176
-0.0144673
-0.0151122
-0.0157519
-0.0163864
-0.0170153
-0.0176386
-0.0182559
-0.0188672
-0.0194723
-0.0200709
-0.020663
-0.0212483
-0.0218268
-0.0223981
-0.0229623
-0.0235191
-0.0240684
-0.0246101
-0.025144
-0.0256701
-0.0261881
-0.026698
-0.0271996
-0.0276929
-0.0281778
-0.0286541
-0.0291217
-0.0295806
-0.0300307
-0.0304719
-0.030904
-0.0313272
-0.0317411
-0.0321459
-0.0325415
-0.0329277
-0.0333046
-0.0336721
-0.0340301
-0.0343787
-0.0347177
-0.0350472
-0.0353671
-0.0356774
-0.0359781
-0.0362691
-0.0365506
-0.0368223
-0.0370845
-0.037337
-0.0375799
-0.0378131
-0.0380367
-0.0382507
-0.0384552
-0.0386501
-0.0388354
-0.0390113
-0.0391776
-0.0393346
-0.0394821
-0.0396203
-0.0397492
-0.0398688
-0.0399792
-0.0400804
-0.0401726
-0.0402556
-0.0403297
-0.0403949
-0.0404512
-0.0404988
-0.0405376
-0.0405678
-0.0405894
-0.0406025
-0.0406072
-0.0406036
-0.0405917
-0.0405716
-0.0405435
-0.0405073
-0.0404633
-0.0404115
-0.0403522
-0.0402855
-0.040212
-0.0401319
-0.0400457
-0.0399535
-0.0398555
-0.0397517
-0.039642
-0.0395264
-0.0394049
-0.0392776
-0.0391444
-0.0390052
-0.03886
-0.0387088
-0.0385516
-0.0383884
-0.0382193
-0.0380442
-0.0378631
-0.0376762
-0.0374836
-0.0372856
-0.0370827
-0.0368749
-0.0366628
-0.0364464
-0.0362259
-0.0360014
-0.0357732
-0.0355412
-0.0353056
-0.0350662
-0.0348232
-0.0345766
-0.0343266
-0.0340731
-0.0338161
-0.0335558
-0.0332921
-0.0330249
-0.0327544
-0.0324808
-0.0322041
-0.0319246
-0.0316425
-0.0313579
-0.0310711
-0.0307822
-0.0304914
-0.0301988
-0.0299046
-0.0296089
-0.0293119
-0.0290137
-0.0287144
-0.0284141
-0.0281129
-0.0278108
-0.027508
-0.0272043
-0.0268998
-0.0265943
-0.0262878
-0.0259801
-0.0256711
-0.0253609
-0.0250493
-0.0247365
-0.0244226
-0.0241078
-0.0237922
-0.0234759
-0.0231591
-0.0228421
-0.022525
-0.0222083
-0.0218921
-0.0215769
-0.0212627
-0.0209499
-0.0206384
-0.0203283
-0.0200198
-0.0197129
-0.0194077
-0.0191042
-0.0188024
-0.0185021
-0.0182034
-0.017906
-0.0176101
-0.0173157
-0.0170226
-0.0167308
-0.01644
-0.0161501
-0.0158606
-0.0155713
-0.0152821
-0.014993
-0.014704
-0.0144151
-0.0141263
-0.0138376
-0.013549
-0.0132604
-0.012972
-0.0126839
-0.0123962
-0.0121091
-0.0118227
-0.0115374
-0.0112532
-0.0109704
-0.0106892
-0.0104095
-0.0101314
-0.00985451
-0.00957853
-0.00930315
-0.00902808
-0.00875314
-0.00847817
-0.0082031
-0.00792788
-0.00765248
-0.00737698
-0.00710149
-0.00682621
-0.00655138
-0.00627723
-0.00600402
-0.00573192
-0.00546107
-0.00519152
-0.00492321
-0.00465599
-0.00438961
-0.00412376
-0.00385812
-0.00359242
-0.00332644
-0.00306011
-0.00279343
-0.00252657
-0.00225984
-0.00199368
-0.00172861
-0.00146521
-0.00120406
-0.000945699
-0.000690578
-0.000439046
-0.000191325
5.24786e-05
0.000292343
0.0005283
0.000760411
0.000988746
0.00121336
0.00143428
0.00165143
0.00186467
0.00207374
0.00227829
0.00247796
0.00267241
0.00286137
0.00304467
0.00322228
0.00339432
0.00356107
0.00372294
0.00388044
0.00403407
0.00418423
0.00433121
0.00447514
0.00461613
0.00475424
0.00488959
0.00502238
0.00515285
0.00528131
0.00540807
0.00553342
0.00565761
0.0057808
0.00590306
0.00602433
0.00614445
0.00626315
0.00638006
0.00649476
0.00660682
0.00671582
0.00682137
0.0069231
0.00702064
0.00711368
0.00720199
0.00728547
0.00736418
0.00743838
0.00750851
0.00757517
0.00763904
0.00770082
0.00776123
0.00782088
0.00788034
0.00794007
0.0080004
0.00806153
0.00812347
0.00818607
0.00824902
0.00831193
0.00837431
0.00843569
0.00849561
0.00855369
0.00860965
0.00866334
0.00871473
0.00876386
0.00881081
0.00885565
0.00889844
0.00893921
0.00897798
0.00901478
0.00904959
0.00908236
0.00911301
0.00914143
0.00916753
0.00919125
0.00921258
0.00923157
0.00924829
0.00926283
0.00927531
0.00928581
0.00929442
0.00930119
0.00930611
0.00930917
0.00931028
0.00930935
0.00930626
0.00930087
0.00929307
0.00928275
0.00926988
0.00925444
0.00923645
0.00921594
0.00919297
0.00916759
0.0091399
0.00910998
0.00907797
0.00904402
0.0090083
0.00897102
0.0089324
0.00889266
0.00885198
0.00881052
0.00876841
0.00872578
0.00868271
0.00863927
0.0085955
0.00855141
0.00850696
0.00846206
0.00841663
0.00837057
0.00832372
0.00827597
0.0082272
0.00817733
0.00812634
0.00807429
0.00802128
0.00796743
0.00791292
0.00785785
0.00780236
0.0077465
0.00769033
0.00763387
0.00757713
0.00752015
0.00746296
0.00740562
0.00734821
0.00729083
0.00723357
0.00717658
0.00711997
0.0070639
0.0070085
0.0069539
0.00690023
0.00684761
0.00679618
0.00674604
0.00669727
0.00664995
0.00660408
0.00655967
0.00651667
0.00647501
0.00643465
0.00639552
0.00635759
0.00632085
0.00628532
0.00625101
0.00621794
0.00618612
0.00615556
0.00612625
0.0060982
0.00607138
0.00604579
0.00602139
0.00599818
0.00597612
0.00595518
0.00593529
0.00591639
0.00589838
0.00588117
0.00586466
0.00584875
0.00583336
0.00581842
0.00580388
0.00578971
0.00577589
0.00576239
0.00574916
0.00573615
0.00572325
0.00571037
0.00569735
0.00568407
0.00567034
0.005656
0.0056409
0.00562491
0.00560794
0.00558993
0.00557088
0.0055508
0.00552975
0.00550783
0.00548511
0.00546168
0.00543762
0.00541299
0.00538786
0.00536228
0.00533628
0.00530988
0.00528306
0.00525578
0.005228
0.00519964
0.00517063
0.00514091
0.00511035
0.00507887
0.00504635
0.00501268
0.00497779
0.0049416
0.00490409
0.00486522
0.00482505
0.00478365
0.00474114
0.00469772
0.00465358
0.00460896
0.00456412
0.00451931
0.00447477
0.00443075
0.00438746
0.00434506
0.0043037
0.00426347
0.00422444
0.00418662
0.00415
0.00411452
0.00408011
0.00404667
0.0040141
0.0039823
0.00395118
0.00392063
0.00389058
0.00386095
0.00383166
0.00380263
0.00377379
0.00374505
0.00371632
0.00368748
0.00365845
0.0036291
0.00359934
0.00356904
0.00353807
0.00350632
0.00347365
0.00343994
0.00340509
0.00336899
0.00333158
0.00329278
0.00325256
0.0032109
0.00316777
0.0031232
0.00307718
0.00302975
0.00298097
0.00293088
0.00287956
0.0028271
0.00277359
0.00271912
0.00266378
0.00260765
0.00255081
0.00249333
0.00243531
0.00237684
0.00231802
0.00225896
0.00219977
0.00214054
0.00208136
0.00202232
0.00196345
0.00190479
0.00184636
0.00178815
0.00173014
0.00167232
0.00161465
0.00155712
0.00149971
0.00144239
0.00138519
0.00132811
0.00127119
0.0012145
0.0011581
0.00110205
0.00104643
0.00099131
0.000936752
0.000882814
0.000829545
0.000776986
0.000725164
0.000674095
0.000623781
0.000574209
0.000525354
0.00047718
0.000429645
0.00038271
0.000336338
0.0002905
0.00024518
0.00020037
0.000156077
0.000112315
6.91099e-05
2.64966e-05
-1.54824e-05
-5.67754e-05
-9.73225e-05
-0.000137059
-0.000175922
-0.000213853
-0.000250804
-0.000286741
-0.000321637
-0.000355473
-0.000388231
-0.000419891
-0.000450431
-0.00047982
-0.000508026
-0.000535013
-0.000560742
-0.000585173
-0.000608267
-0.000629981
-0.000650275
-0.000669108
-0.000686439
-0.000702224
-0.000716414
-0.00072895
-0.000739767
-0.000748792
-0.00075595
-0.000761164
-0.000764358
-0.000765459
-0.000764393
-0.000761097
-0.000755515
-0.000747607
-0.00073735
-0.000724738
-0.000709787
-0.000692528
-0.000673011
-0.000651292
-0.000627437
-0.000601506
-0.000573558
-0.000543647
-0.000511817
-0.000478107
-0.000442549
-0.000405169
-0.000365989
-0.000325028
-0.000282306
-0.000237842
-0.000191657
-0.000143767
-9.41911e-05
-4.29426e-05
9.9625e-06
6.45057e-05
0.000120664
0.000178407
0.000237701
0.000298506
0.000360774
0.000424454
0.000489482
0.000555788
0.000623288
0.000691888
0.000761487
0.000831978
0.000903252
0.000975203
0.00104773
0.00112073
0.00119411
0.00126778
0.00134168
0.00141572
0.00148984
0.00156399
0.00163813
0.0017122
0.00178619
0.00186008
0.00193385
0.00200749
0.00208099
0.00215434
0.00222751
0.00230045
0.00237313
0.0024455
0.0025175
0.0025891
0.00266023
0.00273084
0.0028009
0.00287033
0.0029391
0.00300715
0.00307444
0.00314093
0.00320656
0.0032713
0.00333509
0.00339791
0.00345969
0.00352038
0.00357993
0.00363827
0.00369531
0.00375097
0.00380517
0.00385782
0.00390881
0.00395805
0.00400545
0.00405094
0.00409443
0.00413588
0.00417525
0.0042125
0.00424762
0.00428061
0.00431147
0.00434022
0.00436688
0.00439147
0.00441401
0.00443452
0.00445303
0.00446955
0.0044841
0.00449667
0.00450729
0.00451595
0.00452267
0.00452746
0.00453033
0.00453131
0.00453041
0.00452767
0.00452309
0.00451669
0.00450851
0.00449853
0.00448679
0.00447327
0.004458
0.00444096
0.00442217
0.00440162
0.00437934
0.00435531
0.00432955
0.00430206
0.00427286
0.00424195
0.00420933
0.00417503
0.00413905
0.0041014
0.00406209
0.00402115
0.00397858
0.0039344
0.00388864
0.0038413
0.00379242
0.00374201
0.00369011
0.00363674
0.00358194
0.00352576
0.00346824
0.00340942
0.00334934
0.00328807
0.00322564
0.00316211
0.00309754
0.00303199
0.00296552
0.00289821
0.0028301
0.00276125
0.00269173
0.00262157
0.00255082
0.00247951
0.00240766
0.00233531
0.00226246
0.00218913
0.00211531
0.00204101
0.00196622
0.00189093
0.00181512
0.00173877
0.00166187
0.00158439
0.0015063
0.00142758
0.00134819
0.00126809
0.00118727
0.00110569
0.00102333
0.000940174
0.000856224
0.000771479
0.000685947
0.00059964
0.000512575
0.000424772
0.00033626
0.000247072
0.00015725
6.68384e-05
-2.41136e-05
-0.000115553
-0.000207424
-0.000299668
-0.000392221
-0.000485015
-0.000577979
-0.000671037
-0.00076411
-0.000857119
-0.000949984
-0.00104263
-0.00113497
-0.00122694
-0.00131846
-0.00140946
-0.00149989
-0.00158967
-0.00167873
-0.00176703
-0.00185448
-0.00194104
-0.00202663
-0.00211118
-0.00219465
-0.00227697
-0.00235807
-0.0024379
-0.00251641
-0.00259354
-0.00266924
-0.00274347
-0.00281618
-0.00288731
-0.00295683
-0.00302469
-0.00309083
-0.00315521
-0.00321777
-0.00327846
-0.00333721
-0.00339396
-0.00344864
-0.00350118
-0.0035515
-0.00359955
-0.00364524
-0.00368851
-0.00372929
-0.00376752
-0.00380314
-0.0038361
-0.00386633
-0.0038938
-0.00391845
-0.00394022
-0.00395907
-0.00397496
-0.00398783
-0.00399766
-0.0040044
-0.00400802
-0.00400851
-0.00400585
-0.00400004
-0.00399108
-0.00397899
-0.0039638
-0.00394555
-0.00392429
-0.00390008
-0.00387299
-0.00384312
-0.00381054
-0.00377536
-0.00373769
-0.00369764
-0.00365531
-0.00361082
-0.00356427
-0.00351579
-0.00346549
-0.00341348
-0.00335987
-0.00330479
-0.00324833
-0.00319062
-0.00313175
-0.00307184
-0.00301096
-0.00294923
-0.00288672
-0.00282352
-0.00275973
-0.00269542
-0.00263068
-0.00256559
-0.00250022
-0.00243467
-0.002369
-0.00230329
-0.00223759
-0.00217198
-0.00210651
-0.00204125
-0.00197626
-0.00191159
-0.00184733
-0.00178354
-0.0017203
-0.00165769
-0.00159578
-0.00153465
-0.00147436
-0.00141498
-0.00135657
-0.00129919
-0.00124288
-0.00118771
-0.00113371
-0.00108094
-0.00102943
-0.000979221
-0.000930354
-0.000882863
-0.000836777
-0.000792119
-0.000748905
-0.000707149
-0.000666855
-0.000628027
-0.000590663
-0.000554759
-0.000520306
-0.000487295
-0.000455711
-0.000425535
-0.000396747
-0.000369317
-0.000343217
-0.000318411
-0.000294864
-0.000272541
-0.000251405
-0.000231422
-0.000212556
-0.000194772
-0.000178035
-0.000162313
-0.000147575
-0.000133788
-0.000120922
-0.000108947
-9.78283e-05
-8.75316e-05
-7.80204e-05
-6.92573e-05
-6.12045e-05
-5.38246e-05
-4.70804e-05
-4.0936e-05
-3.53564e-05
-3.03079e-05
-2.57582e-05
-2.16757e-05
-1.80304e-05
-1.47938e-05
-1.19397e-05
-9.44513e-06
-7.28985e-06
-5.45621e-06
-3.92783e-06
-2.68797e-06
-1.71785e-06
-9.95037e-07
-4.9245e-07
-1.77868e-07
-1.40381e-08
4.08104e-08
3.22582e-08
9.02244e-09
