0.0005365772
-0.0001590005
-0.0008552335
-0.001551803
-0.002248396
-0.002944705
-0.003640428
-0.004335271
-0.005028943
-0.005721157
-0.006411636
-0.007100103
-0.007786290
-0.008469934
-0.009150774
-0.009828558
-0.01050304
-0.01117397
-0.01184113
-0.01250426
-0.01316316
-0.01381759
-0.01446734
-0.01511219
-0.01575194
-0.01638638
-0.01701533
-0.01763857
-0.01825594
-0.01886724
-0.01947230
-0.02007095
-0.02066301
-0.02124834
-0.02182676
-0.02239812
-0.02296228
-0.02351908
-0.02406840
-0.02461009
-0.02514401
-0.02567005
-0.02618808
-0.02669798
-0.02719964
-0.02769295
-0.02817780
-0.02865409
-0.02912174
-0.02958064
-0.03003071
-0.03047187
-0.03090404
-0.03132716
-0.03174115
-0.03214594
-0.03254149
-0.03292773
-0.03330461
-0.03367208
-0.03403011
-0.03437866
-0.03471768
-0.03504716
-0.03536706
-0.03567737
-0.03597806
-0.03626912
-0.03655056
-0.03682235
-0.03708449
-0.03733699
-0.03757986
-0.03781310
-0.03803672
-0.03825074
-0.03845518
-0.03865006
-0.03883541
-0.03901126
-0.03917763
-0.03933457
-0.03948212
-0.03962030
-0.03974918
-0.03986879
-0.03997919
-0.04008042
-0.04017256
-0.04025564
-0.04032974
-0.04039491
-0.04045124
-0.04049877
-0.04053759
-0.04056777
-0.04058938
-0.04060249
-0.04060720
-0.04060357
-0.04059168
-0.04057163
-0.04054349
-0.04050735
-0.04046331
-0.04041152
-0.04035216
-0.04028553
-0.04021199
-0.04013193
-0.04004570
-0.03995354
-0.03985552
-0.03975167
-0.03964197
-0.03952639
-0.03940494
-0.03927760
-0.03914436
-0.03900516
-0.03885999
-0.03870881
-0.03855162
-0.03838845
-0.03821929
-0.03804417
-0.03786310
-0.03767618
-0.03748359
-0.03728564
-0.03708265
-0.03687495
-0.03666279
-0.03644637
-0.03622587
-0.03600145
-0.03577321
-0.03554124
-0.03530557
-0.03506622
-0.03482322
-0.03457664
-0.03432656
-0.03407305
-0.03381614
-0.03355581
-0.03329206
-0.03302491
-0.03275444
-0.03248080
-0.03220414
-0.03192464
-0.03164251
-0.03135794
-0.03107113
-0.03078223
-0.03049140
-0.03019880
-0.02990458
-0.02960891
-0.02931192
-0.02901373
-0.02871444
-0.02841413
-0.02811289
-0.02781082
-0.02750796
-0.02720431
-0.02689979
-0.02659431
-0.02628777
-0.02598007
-0.02567112
-0.02536085
-0.02504929
-0.02473650
-0.02442262
-0.02410779
-0.02379216
-0.02347589
-0.02315912
-0.02284208
-0.02252502
-0.02220825
-0.02189210
-0.02157686
-0.02126273
-0.02094987
-0.02063837
-0.02032832
-0.02001981
-0.01971292
-0.01940772
-0.01910423
-0.01880240
-0.01850214
-0.01820338
-0.01790605
-0.01761014
-0.01731567
-0.01702258
-0.01673077
-0.01644003
-0.01615006
-0.01586057
-0.01557130
-0.01528213
-0.01499302
-0.01470401
-0.01441512
-0.01412633
-0.01383762
-0.01354896
-0.01326039
-0.01297198
-0.01268386
-0.01239617
-0.01210908
-0.01182275
-0.01153738
-0.01125319
-0.01097041
-0.01068917
-0.01040954
-0.01013140
-0.009854509
-0.009578534
-0.009303151
-0.009028085
-0.008753137
-0.008478172
-0.008203103
-0.007927877
-0.007652484
-0.007376981
-0.007101492
-0.006826211
-0.006551375
-0.006277234
-0.006004019
-0.005731921
-0.005461071
-0.005191519
-0.004923213
-0.004655994
-0.004389611
-0.004123758
-0.003858119
-0.003592415
-0.003326444
-0.003060107
-0.002793427
-0.002526571
-0.002259845
-0.001993683
-0.001728614
-0.001465215
-0.001204063
-0.0009456987
-0.0006905778
-0.0004390463
-0.0001913251
5.247863e-05
0.0002923431
0.0005283003
0.0007604110
0.0009887456
0.001213362
0.001434277
0.001651432
0.001864672
0.002073735
0.002278286
0.002477956
0.002672406
0.002861366
0.003044671
0.003222284
0.003394323
0.003561068
0.003722940
0.003880442
0.004034070
0.004184233
0.004331206
0.004475144
0.004616131
0.004754241
0.004889594
0.005022379
0.005152850
0.005281310
0.005408071
0.005533424
0.005657613
0.005780803
0.005903058
0.006024330
0.006144454
0.006263151
0.006380057
0.006494755
0.006606816
0.006715821
0.006821375
0.006923101
0.007020642
0.007113683
0.007201992
0.007285468
0.007364178
0.007438379
0.007508514
0.007575172
0.007639038
0.007700825
0.007761226
0.007820878
0.007880339
0.007940068
0.008000402
0.008061529
0.008123469
0.008186068
0.008249025
0.008311928
0.008374309
0.008435686
0.008495606
0.008553687
0.008609651
0.008663344
0.008714733
0.008763863
0.008810812
0.008855653
0.008898439
0.008939207
0.008977981
0.009014779
0.009049589
0.009082362
0.009113013
0.009141434
0.009167531
0.009191248
0.009212581
0.009231568
0.009248286
0.009262831
0.009275305
0.009285809
0.009294420
0.009301187
0.009306114
0.009309168
0.009310281
0.009309353
0.009306262
0.009300874
0.009293066
0.009282751
0.009269879
0.009254440
0.009236449
0.009215944
0.009192971
0.009167594
0.009139895
0.009109979
0.009077971
0.009044019
0.009008301
0.008971022
0.008932402
0.008892656
0.008851975
0.008810517
0.008768414
0.008725778
0.008682705
0.008639268
0.008595505
0.008551414
0.008506956
0.008462060
0.008416635
0.008370565
0.008323721
0.008275969
0.008227196
0.008177325
0.008126341
0.008074290
0.008021276
0.007967435
0.007912915
0.007857853
0.007802357
0.007746502
0.007690332
0.007633870
0.007577133
0.007520149
0.007462959
0.007405621
0.007348212
0.007290826
0.007233572
0.007176576
0.007119974
0.007063905
0.007008504
0.006953903
0.006900229
0.006847614
0.006796180
0.006746037
0.006697275
0.006649949
0.006604084
0.006559670
0.006516666
0.006475013
0.006434647
0.006395515
0.006357586
0.006320850
0.006285319
0.006251009
0.006217938
0.006186119
0.006155558
0.006126255
0.006098201
0.006071385
0.006045789
0.006021395
0.005998183
0.005976124
0.005955178
0.005935291
0.005916388
0.005898382
0.005881174
0.005864664
0.005848753
0.005833360
0.005818418
0.005803879
0.005789712
0.005775893
0.005762391
0.005749165
0.005736148
0.005723252
0.005710366
0.005697355
0.005684067
0.005670337
0.005656001
0.005640903
0.005624914
0.005607941
0.005589932
0.005570875
0.005550797
0.005529755
0.005507830
0.005485110
0.005461682
0.005437620
0.005412992
0.005387859
0.005362276
0.005336279
0.005309878
0.005283060
0.005255783
0.005227997
0.005199637
0.005170635
0.005140907
0.005110354
0.005078870
0.005046345
0.005012679
0.004977787
0.004941603
0.004904086
0.004865224
0.004825051
0.004783647
0.004741143
0.004697717
0.004653580
0.004608964
0.004564121
0.004519306
0.004474771
0.004430751
0.004387456
0.004345058
0.004303696
0.004263469
0.004224436
0.004186618
0.004149996
0.004114517
0.004080105
0.004046665
0.004014097
0.003982300
0.003951177
0.003920633
0.003890584
0.003860949
0.003831656
0.003802630
0.003773792
0.003745053
0.003716318
0.003687485
0.003658449
0.003629104
0.003599339
0.003569035
0.003538070
0.003506315
0.003473646
0.003439941
0.003405088
0.003368994
0.003331578
0.003292781
0.003252563
0.003210898
0.003167774
0.003123196
0.003077178
0.003029753
0.002980967
0.002930880
0.002879564
0.002827105
0.002773592
0.002719120
0.002663778
0.002607647
0.002550807
0.002493334
0.002435314
0.002376842
0.002318021
0.002258960
0.002199765
0.002140538
0.002081365
0.002022318
0.001963450
0.001904794
0.001846361
0.001788150
0.001730144
0.001672321
0.001614655
0.001557123
0.001499705
0.001442392
0.001385186
0.001328107
0.001271194
0.001214502
0.001158097
0.001102049
0.001046430
0.0009913099
0.0009367518
0.0008828139
0.0008295455
0.0007769861
0.0007251641
0.0006740951
0.0006237808
0.0005742090
0.0005253539
0.0004771798
0.0004296455
0.0003827101
0.0003363377
0.0002905002
0.0002451799
0.0002003703
0.0001560766
0.0001123147
6.910991e-05
2.649657e-05
-1.548244e-05
-5.677537e-05
-9.732253e-05
-0.0001370595
-0.0001759222
-0.0002138529
-0.0002508043
-0.0002867407
-0.0003216367
-0.0003554725
-0.0003882306
-0.0004198912
-0.0004504305
-0.0004798199
-0.0005080260
-0.0005350127
-0.0005607417
-0.0005851733
-0.0006082669
-0.0006299813
-0.0006502754
-0.0006691082
-0.0006864390
-0.0007022240
-0.0007164137
-0.0007289503
-0.0007397673
-0.0007487924
-0.0007559500
-0.0007611638
-0.0007643582
-0.0007654586
-0.0007643933
-0.0007610971
-0.0007555152
-0.0007476072
-0.0007373497
-0.0007247382
-0.0007097870
-0.0006925284
-0.0006730107
-0.0006512924
-0.0006274366
-0.0006015058
-0.0005735583
-0.0005436466
-0.0005118167
-0.0004781070
-0.0004425493
-0.0004051693
-0.0003659888
-0.0003250277
-0.0002823055
-0.0002378420
-0.0001916565
-0.0001437675
-9.419111e-05
-4.294261e-05
9.962499e-06
6.450570e-05
0.0001206636
0.0001784072
0.0002377015
0.0002985060
0.0003607744
0.0004244536
0.0004894820
0.0005557878
0.0006232879
0.0006918884
0.0007614873
0.0008319777
0.0009032516
0.0009752027
0.001047728
0.001120728
0.001194109
0.001267785
0.001341678
0.001415717
0.001489841
0.001563993
0.001638126
0.001712201
0.001786192
0.001860078
0.001933847
0.002007490
0.002080995
0.002154342
0.002227506
0.002300450
0.002373131
0.002445499
0.002517505
0.002589097
0.002660227
0.002730844
0.002800896
0.002870332
0.002939100
0.003007153
0.003074443
0.003140926
0.003206559
0.003271295
0.003335092
0.003397905
0.003459686
0.003520382
0.003579933
0.003638268
0.003695309
0.003750974
0.003805174
0.003857817
0.003908807
0.003958050
0.004005454
0.004050938
0.004094434
0.004135884
0.004175249
0.004212501
0.004247623
0.004280611
0.004311473
0.004340222
0.004366879
0.004391465
0.004414005
0.004434520
0.004453031
0.004469553
0.004484098
0.004496674
0.004507289
0.004515951
0.004522670
0.004527458
0.004530332
0.004531309
0.004530414
0.004527665
0.004523085
0.004516694
0.004508506
0.004498534
0.004486788
0.004473274
0.004457997
0.004440960
0.004422168
0.004401624
0.004379336
0.004355309
0.004329549
0.004302064
0.004272860
0.004241948
0.004209334
0.004175031
0.004139047
0.004101396
0.004062091
0.004021146
0.003978578
0.003934403
0.003888639
0.003841304
0.003792420
0.003742011
0.003690106
0.003636738
0.003581944
0.003525763
0.003468240
0.003409418
0.003349345
0.003288068
0.003225638
0.003162110
0.003097540
0.003031990
0.002965524
0.002898206
0.002830097
0.002761254
0.002691730
0.002621571
0.002550819
0.002479507
0.002407664
0.002335312
0.002262464
0.002189131
0.002115313
0.002041012
0.001966219
0.001890926
0.001815116
0.001738773
0.001661873
0.001584393
0.001506305
0.001427580
0.001348187
0.001268094
0.001187270
0.001105688
0.001023328
0.0009401743
0.0008562239
0.0007714788
0.0006859470
0.0005996404
0.0005125750
0.0004247723
0.0003362599
0.0002470724
0.0001572501
6.683837e-05
-2.411359e-05
-0.0001155531
-0.0002074244
-0.0002996680
-0.0003922209
-0.0004850154
-0.0005779795
-0.0006710374
-0.0007641105
-0.0008571193
-0.0009499844
-0.001042627
-0.001134970
-0.001226937
-0.001318458
-0.001409464
-0.001499888
-0.001589666
-0.001678734
-0.001767028
-0.001854483
-0.001941037
-0.002026625
-0.002111185
-0.002194653
-0.002276968
-0.002358070
-0.002437901
-0.002516408
-0.002593538
-0.002669241
-0.002743470
-0.002816176
-0.002887312
-0.002956832
-0.003024688
-0.003090831
-0.003155210
-0.003217772
-0.003278459
-0.003337209
-0.003393959
-0.003448638
-0.003501178
-0.003551504
-0.003599548
-0.003645237
-0.003688505
-0.003729286
-0.003767517
-0.003803139
-0.003836096
-0.003866335
-0.003893802
-0.003918447
-0.003940220
-0.003959072
-0.003974958
-0.003987834
-0.003997659
-0.004004398
-0.004008023
-0.004008511
-0.004005850
-0.004000037
-0.003991079
-0.003978991
-0.003963802
-0.003945551
-0.003924289
-0.003900078
-0.003872993
-0.003843116
-0.003810539
-0.003775364
-0.003737694
-0.003697639
-0.003655309
-0.003610817
-0.003564274
-0.003515793
-0.003465489
-0.003413477
-0.003359872
-0.003304787
-0.003248333
-0.003190621
-0.003131755
-0.003071836
-0.003010962
-0.002949225
-0.002886717
-0.002823522
-0.002759728
-0.002695418
-0.002630676
-0.002565585
-0.002500225
-0.002434673
-0.002369003
-0.002303287
-0.002237591
-0.002171978
-0.002106511
-0.002041250
-0.001976256
-0.001911593
-0.001847331
-0.001783543
-0.001720304
-0.001657691
-0.001595782
-0.001534648
-0.001474358
-0.001414978
-0.001356568
-0.001299186
-0.001242883
-0.001187711
-0.001133715
-0.001080940
-0.001029428
-0.0009792206
-0.0009303541
-0.0008828631
-0.0008367769
-0.0007921185
-0.0007489054
-0.0007071486
-0.0006668550
-0.0006280268
-0.0005906629
-0.0005547585
-0.0005203061
-0.0004872947
-0.0004557105
-0.0004255353
-0.0003967466
-0.0003693174
-0.0003432167
-0.0003184106
-0.0002948639
-0.0002725408
-0.0002514055
-0.0002314223
-0.0002125561
-0.0001947718
-0.0001780353
-0.0001623135
-0.0001475746
-0.0001337878
-0.0001209224
-0.0001089470
-9.782835e-05
-8.753160e-05
-7.802036e-05
-6.925726e-05
-6.120452e-05
-5.382456e-05
-4.708039e-05
-4.093596e-05
-3.535635e-05
-3.030793e-05
-2.575819e-05
-2.167575e-05
-1.803043e-05
-1.479378e-05
-1.193973e-05
-9.445130e-06
-7.289847e-06
-5.456208e-06
-3.927826e-06
-2.687974e-06
-1.717850e-06
-9.950365e-07
-4.924495e-07
-1.778682e-07
-1.403808e-08
4.081040e-08
3.225824e-08
9.022443e-09
