-1.3924e-01
-1.3967e-01
-1.4010e-01
-1.4052e-01
-1.4095e-01
-1.4137e-01
-1.4180e-01
-1.4222e-01
-1.4265e-01
-1.4307e-01
-1.4350e-01
-1.4392e-01
-1.4434e-01
-1.4477e-01
-1.4519e-01
-1.4562e-01
-1.4605e-01
-1.4647e-01
-1.4690e-01
-1.4733e-01
-1.4776e-01
-1.4819e-01
-1.4863e-01
-1.4906e-01
-1.4949e-01
-1.4993e-01
-1.5037e-01
-1.5080e-01
-1.5124e-01
-1.5168e-01
-1.5211e-01
-1.5255e-01
-1.5299e-01
-1.5342e-01
-1.5385e-01
-1.5429e-01
-1.5472e-01
-1.5515e-01
-1.5558e-01
-1.5601e-01
-1.5644e-01
-1.5687e-01
-1.5729e-01
-1.5772e-01
-1.5815e-01
-1.5858e-01
-1.5900e-01
-1.5943e-01
-1.5985e-01
-1.6028e-01
-1.6070e-01
-1.6112e-01
-1.6154e-01
-1.6196e-01
-1.6237e-01
-1.6279e-01
-1.6320e-01
-1.6360e-01
-1.6401e-01
-1.6441e-01
-1.6480e-01
-1.6520e-01
-1.6559e-01
-1.6597e-01
-1.6635e-01
-1.6673e-01
-1.6711e-01
-1.6748e-01
-1.6785e-01
-1.6822e-01
-1.6858e-01
-1.6894e-01
-1.6930e-01
-1.6966e-01
-1.7001e-01
-1.7036e-01
-1.7071e-01
-1.7106e-01
-1.7141e-01
-1.7175e-01
-1.7209e-01
-1.7243e-01
-1.7276e-01
-1.7309e-01
-1.7342e-01
-1.7375e-01
-1.7406e-01
-1.7438e-01
-1.7468e-01
-1.7498e-01
-1.7528e-01
-1.7556e-01
-1.7584e-01
-1.7611e-01
-1.7637e-01
-1.7662e-01
-1.7687e-01
-1.7711e-01
-1.7734e-01
-1.7756e-01
-1.7778e-01
-1.7799e-01
-1.7820e-01
-1.7840e-01
-1.7860e-01
-1.7879e-01
-1.7898e-01
-1.7917e-01
-1.7935e-01
-1.7954e-01
-1.7972e-01
-1.7990e-01
-1.8008e-01
-1.8027e-01
-1.8045e-01
-1.8064e-01
-1.8082e-01
-1.8101e-01
-1.8120e-01
-1.8140e-01
-1.8159e-01
-1.8179e-01
-1.8199e-01
-1.8219e-01
-1.8239e-01
-1.8260e-01
-1.8280e-01
-1.8302e-01
-1.8323e-01
-1.8344e-01
-1.8366e-01
-1.8388e-01
-1.8411e-01
-1.8434e-01
-1.8457e-01
-1.8481e-01
-1.8505e-01
-1.8529e-01
-1.8554e-01
-1.8579e-01
-1.8605e-01
-1.8631e-01
-1.8658e-01
-1.8685e-01
-1.8712e-01
-1.8740e-01
-1.8768e-01
-1.8796e-01
-1.8824e-01
-1.8852e-01
-1.8881e-01
-1.8909e-01
-1.8938e-01
-1.8966e-01
-1.8994e-01
-1.9021e-01
-1.9049e-01
-1.9076e-01
-1.9102e-01
-1.9129e-01
-1.9155e-01
-1.9180e-01
-1.9206e-01
-1.9231e-01
-1.9255e-01
-1.9280e-01
-1.9303e-01
-1.9327e-01
-1.9350e-01
-1.9373e-01
-1.9396e-01
-1.9419e-01
-1.9441e-01
-1.9463e-01
-1.9486e-01
-1.9508e-01
-1.9530e-01
-1.9553e-01
-1.9575e-01
-1.9598e-01
-1.9621e-01
-1.9645e-01
-1.9668e-01
-1.9692e-01
-1.9716e-01
-1.9741e-01
-1.9766e-01
-1.9791e-01
-1.9816e-01
-1.9841e-01
-1.9867e-01
-1.9894e-01
-1.9920e-01
-1.9947e-01
-1.9975e-01
-2.0002e-01
-2.0031e-01
-2.0059e-01
-2.0089e-01
-2.0118e-01
-2.0148e-01
-2.0179e-01
-2.0210e-01
-2.0242e-01
-2.0275e-01
-2.0308e-01
-2.0342e-01
-2.0376e-01
-2.0412e-01
-2.0448e-01
-2.0484e-01
-2.0522e-01
-2.0560e-01
-2.0599e-01
-2.0639e-01
-2.0680e-01
-2.0721e-01
-2.0764e-01
-2.0807e-01
-2.0851e-01
-2.0896e-01
-2.0942e-01
-2.0988e-01
-2.1036e-01
-2.1084e-01
-2.1133e-01
-2.1183e-01
-2.1233e-01
-2.1284e-01
-2.1336e-01
-2.1389e-01
-2.1442e-01
-2.1496e-01
-2.1550e-01
-2.1605e-01
-2.1661e-01
-2.1716e-01
-2.1773e-01
-2.1829e-01
-2.1886e-01
-2.1943e-01
-2.2000e-01
-2.2058e-01
-2.2115e-01
-2.2172e-01
-2.2230e-01
-2.2287e-01
-2.2345e-01
-2.2402e-01
-2.2460e-01
-2.2517e-01
-2.2575e-01
-2.2633e-01
-2.2691e-01
-2.2748e-01
-2.2806e-01
-2.2864e-01
-2.2922e-01
-2.2980e-01
-2.3038e-01
-2.3096e-01
-2.3154e-01
-2.3212e-01
-2.3270e-01
-2.3328e-01
-2.3386e-01
-2.3444e-01
-2.3502e-01
-2.3561e-01
-2.3619e-01
-2.3678e-01
-2.3737e-01
-2.3796e-01
-2.3856e-01
-2.3916e-01
-2.3976e-01
-2.4037e-01
-2.4099e-01
-2.4161e-01
-2.4223e-01
-2.4287e-01
-2.4351e-01
-2.4415e-01
-2.4481e-01
-2.4546e-01
-2.4613e-01
-2.4680e-01
-2.4748e-01
-2.4816e-01
-2.4885e-01
-2.4954e-01
-2.5024e-01
-2.5095e-01
-2.5166e-01
-2.5238e-01
-2.5310e-01
-2.5382e-01
-2.5455e-01
-2.5528e-01
-2.5601e-01
-2.5675e-01
-2.5748e-01
-2.5822e-01
-2.5896e-01
-2.5970e-01
-2.6044e-01
-2.6118e-01
-2.6192e-01
-2.6265e-01
-2.6339e-01
-2.6412e-01
-2.6485e-01
-2.6558e-01
-2.6630e-01
-2.6702e-01
-2.6774e-01
-2.6846e-01
-2.6917e-01
-2.6987e-01
-2.7058e-01
-2.7128e-01
-2.7197e-01
-2.7266e-01
-2.7335e-01
-2.7404e-01
-2.7472e-01
-2.7540e-01
-2.7607e-01
-2.7674e-01
-2.7740e-01
-2.7806e-01
-2.7871e-01
-2.7936e-01
-2.8000e-01
-2.8064e-01
-2.8127e-01
-2.8189e-01
-2.8251e-01
-2.8312e-01
-2.8372e-01
-2.8431e-01
-2.8490e-01
-2.8548e-01
-2.8606e-01
-2.8662e-01
-2.8718e-01
-2.8773e-01
-2.8828e-01
-2.8881e-01
-2.8934e-01
-2.8986e-01
-2.9038e-01
-2.9088e-01
-2.9138e-01
-2.9187e-01
-2.9235e-01
-2.9283e-01
-2.9330e-01
-2.9376e-01
-2.9422e-01
-2.9467e-01
-2.9511e-01
-2.9555e-01
-2.9597e-01
-2.9640e-01
-2.9681e-01
-2.9722e-01
-2.9763e-01
-2.9802e-01
-2.9840e-01
-2.9878e-01
-2.9915e-01
-2.9950e-01
-2.9985e-01
-3.0018e-01
-3.0050e-01
-3.0081e-01
-3.0110e-01
-3.0137e-01
-3.0163e-01
-3.0187e-01
-3.0209e-01
-3.0228e-01
-3.0246e-01
-3.0261e-01
-3.0274e-01
-3.0285e-01
-3.0293e-01
-3.0298e-01
-3.0300e-01
-3.0299e-01
-3.0296e-01
-3.0289e-01
-3.0279e-01
-3.0265e-01
-3.0248e-01
-3.0227e-01
-3.0202e-01
-3.0172e-01
-3.0139e-01
-3.0101e-01
-3.0058e-01
-3.0010e-01
-2.9957e-01
-2.9898e-01
-2.9833e-01
-2.9762e-01
-2.9685e-01
-2.9601e-01
-2.9510e-01
-2.9411e-01
-2.9305e-01
-2.9190e-01
-2.9067e-01
-2.8935e-01
-2.8793e-01
-2.8642e-01
-2.8481e-01
-2.8309e-01
-2.8126e-01
-2.7932e-01
-2.7726e-01
-2.7509e-01
-2.7279e-01
-2.7036e-01
-2.6779e-01
-2.6510e-01
-2.6226e-01
-2.5927e-01
-2.5614e-01
-2.5286e-01
-2.4942e-01
-2.4582e-01
-2.4206e-01
-2.3814e-01
-2.3404e-01
-2.2978e-01
-2.2533e-01
-2.2071e-01
-2.1591e-01
-2.1092e-01
-2.0574e-01
-2.0037e-01
-1.9481e-01
-1.8906e-01
-1.8310e-01
-1.7695e-01
-1.7060e-01
-1.6405e-01
-1.5729e-01
-1.5032e-01
-1.4314e-01
-1.3576e-01
-1.2816e-01
-1.2035e-01
-1.1233e-01
-1.0410e-01
-9.5652e-02
-8.6995e-02
-7.8127e-02
-6.9048e-02
-5.9761e-02
-5.0268e-02
-4.0570e-02
-3.0671e-02
-2.0573e-02
-1.0280e-02
2.0487e-04
1.0877e-02
2.1733e-02
3.2768e-02
4.3977e-02
5.5356e-02
6.6899e-02
7.8601e-02
9.0457e-02
1.0246e-01
1.1461e-01
1.2689e-01
1.3930e-01
1.5183e-01
1.6448e-01
1.7724e-01
1.9010e-01
2.0306e-01
2.1611e-01
2.2923e-01
2.4243e-01
2.5569e-01
2.6901e-01
2.8237e-01
2.9577e-01
3.0921e-01
3.2266e-01
3.3614e-01
3.4961e-01
3.6309e-01
3.7656e-01
3.9001e-01
4.0343e-01
4.1682e-01
4.3017e-01
4.4347e-01
4.5671e-01
4.6988e-01
4.8299e-01
4.9601e-01
5.0894e-01
5.2178e-01
5.3452e-01
5.4716e-01
5.5968e-01
5.7208e-01
5.8436e-01
5.9650e-01
6.0851e-01
6.2038e-01
6.3210e-01
6.4367e-01
6.5508e-01
6.6633e-01
6.7741e-01
6.8831e-01
6.9905e-01
7.0959e-01
7.1996e-01
7.3013e-01
7.4011e-01
7.4990e-01
7.5948e-01
7.6886e-01
7.7803e-01
7.8699e-01
7.9574e-01
8.0428e-01
8.1261e-01
8.2072e-01
8.2862e-01
8.3631e-01
8.4378e-01
8.5103e-01
8.5808e-01
8.6491e-01
8.7153e-01
8.7793e-01
8.8413e-01
8.9012e-01
8.9590e-01
9.0148e-01
9.0685e-01
9.1203e-01
9.1701e-01
9.2179e-01
9.2638e-01
9.3078e-01
9.3500e-01
9.3904e-01
9.4290e-01
9.4658e-01
9.5009e-01
9.5344e-01
9.5663e-01
9.5966e-01
9.6254e-01
9.6527e-01
9.6786e-01
9.7030e-01
9.7262e-01
9.7480e-01
9.7686e-01
9.7880e-01
9.8062e-01
9.8233e-01
9.8394e-01
9.8544e-01
9.8684e-01
9.8815e-01
9.8937e-01
9.9051e-01
9.9156e-01
9.9253e-01
9.9343e-01
9.9426e-01
9.9502e-01
9.9571e-01
9.9634e-01
9.9692e-01
9.9743e-01
9.9789e-01
9.9830e-01
9.9867e-01
9.9898e-01
9.9925e-01
9.9947e-01
9.9966e-01
9.9980e-01
9.9990e-01
9.9997e-01
1.0000e+00
9.9999e-01
9.9995e-01
9.9987e-01
9.9976e-01
9.9962e-01
9.9944e-01
9.9923e-01
9.9898e-01
9.9870e-01
9.9838e-01
9.9803e-01
9.9764e-01
9.9721e-01
9.9674e-01
9.9623e-01
9.9567e-01
9.9507e-01
9.9442e-01
9.9372e-01
9.9297e-01
9.9217e-01
9.9130e-01
9.9038e-01
9.8940e-01
9.8835e-01
9.8723e-01
9.8604e-01
9.8478e-01
9.8344e-01
9.8203e-01
9.8054e-01
9.7897e-01
9.7731e-01
9.7557e-01
9.7374e-01
9.7182e-01
9.6980e-01
9.6770e-01
9.6550e-01
9.6320e-01
9.6080e-01
9.5831e-01
9.5571e-01
9.5301e-01
9.5021e-01
9.4730e-01
9.4428e-01
9.4116e-01
9.3793e-01
9.3459e-01
9.3114e-01
9.2758e-01
9.2391e-01
9.2013e-01
9.1624e-01
9.1224e-01
9.0813e-01
9.0391e-01
8.9958e-01
8.9514e-01
8.9060e-01
8.8594e-01
8.8118e-01
8.7632e-01
8.7135e-01
8.6628e-01
8.6111e-01
8.5584e-01
8.5047e-01
8.4502e-01
8.3947e-01
8.3383e-01
8.2811e-01
8.2230e-01
8.1641e-01
8.1045e-01
8.0441e-01
7.9830e-01
7.9211e-01
7.8587e-01
7.7956e-01
7.7319e-01
7.6677e-01
7.6029e-01
7.5376e-01
7.4719e-01
7.4057e-01
7.3391e-01
7.2721e-01
7.2047e-01
7.1370e-01
7.0690e-01
7.0007e-01
6.9321e-01
6.8634e-01
6.7944e-01
6.7253e-01
6.6560e-01
6.5867e-01
6.5172e-01
6.4477e-01
6.3781e-01
6.3085e-01
6.2389e-01
6.1694e-01
6.0999e-01
6.0305e-01
5.9612e-01
5.8920e-01
5.8230e-01
5.7541e-01
5.6855e-01
5.6170e-01
5.5487e-01
5.4807e-01
5.4129e-01
5.3453e-01
5.2780e-01
5.2110e-01
5.1443e-01
5.0778e-01
5.0117e-01
4.9458e-01
4.8803e-01
4.8150e-01
4.7501e-01
4.6855e-01
4.6212e-01
4.5572e-01
4.4935e-01
4.4301e-01
4.3670e-01
4.3042e-01
4.2417e-01
4.1795e-01
4.1176e-01
4.0560e-01
3.9947e-01
3.9337e-01
3.8729e-01
3.8125e-01
3.7524e-01
3.6925e-01
3.6330e-01
3.5737e-01
3.5148e-01
3.4561e-01
3.3978e-01
3.3397e-01
3.2819e-01
3.2245e-01
3.1673e-01
3.1105e-01
3.0539e-01
2.9976e-01
2.9417e-01
2.8860e-01
2.8306e-01
2.7756e-01
2.7208e-01
2.6663e-01
2.6121e-01
2.5583e-01
2.5047e-01
2.4515e-01
2.3985e-01
2.3459e-01
2.2936e-01
2.2415e-01
2.1898e-01
2.1384e-01
2.0873e-01
2.0366e-01
1.9861e-01
1.9359e-01
1.8860e-01
1.8364e-01
1.7871e-01
1.7381e-01
1.6894e-01
1.6410e-01
1.5928e-01
1.5450e-01
1.4974e-01
1.4501e-01
1.4030e-01
1.3562e-01
1.3097e-01
1.2634e-01
1.2174e-01
1.1717e-01
1.1262e-01
1.0809e-01
1.0359e-01
9.9119e-02
9.4669e-02
9.0243e-02
8.5842e-02
8.1467e-02
7.7116e-02
7.2791e-02
6.8492e-02
6.4219e-02
5.9973e-02
5.5755e-02
5.1565e-02
4.7404e-02
4.3274e-02
3.9174e-02
3.5107e-02
3.1071e-02
2.7069e-02
2.3100e-02
1.9166e-02
1.5267e-02
1.1403e-02
7.5753e-03
3.7833e-03
2.7621e-05
-3.6914e-03
-7.3737e-03
-1.1019e-02
-1.4627e-02
-1.8197e-02
-2.1730e-02
-2.5225e-02
-2.8682e-02
-3.2101e-02
-3.5483e-02
-3.8826e-02
-4.2131e-02
-4.5398e-02
-4.8626e-02
-5.1815e-02
-5.4965e-02
-5.8075e-02
-6.1146e-02
-6.4175e-02
-6.7164e-02
-7.0112e-02
-7.3019e-02
-7.5883e-02
-7.8705e-02
-8.1485e-02
-8.4222e-02
-8.6916e-02
-8.9566e-02
-9.2173e-02
-9.4735e-02
-9.7253e-02
-9.9727e-02
-1.0216e-01
-1.0454e-01
-1.0688e-01
-1.0917e-01
-1.1141e-01
-1.1361e-01
-1.1577e-01
-1.1787e-01
-1.1993e-01
-1.2195e-01
-1.2391e-01
-1.2584e-01
-1.2771e-01
-1.2955e-01
-1.3133e-01
-1.3308e-01
-1.3478e-01
-1.3644e-01
-1.3805e-01
-1.3963e-01
-1.4116e-01
-1.4265e-01
-1.4411e-01
-1.4552e-01
-1.4690e-01
-1.4824e-01
-1.4954e-01
-1.5080e-01
-1.5204e-01
-1.5324e-01
-1.5440e-01
-1.5553e-01
-1.5663e-01
-1.5770e-01
-1.5874e-01
-1.5975e-01
-1.6073e-01
-1.6169e-01
-1.6261e-01
-1.6351e-01
-1.6438e-01
-1.6523e-01
-1.6605e-01
-1.6685e-01
-1.6762e-01
-1.6838e-01
-1.6911e-01
-1.6982e-01
-1.7051e-01
-1.7118e-01
-1.7183e-01
-1.7246e-01
-1.7308e-01
-1.7369e-01
-1.7427e-01
-1.7485e-01
-1.7541e-01
-1.7595e-01
-1.7649e-01
-1.7701e-01
-1.7752e-01
-1.7801e-01
-1.7850e-01
-1.7898e-01
-1.7945e-01
-1.7991e-01
-1.8037e-01
-1.8082e-01
-1.8126e-01
-1.8169e-01
-1.8212e-01
-1.8255e-01
-1.8297e-01
-1.8339e-01
-1.8381e-01
-1.8422e-01
-1.8463e-01
-1.8504e-01
-1.8545e-01
-1.8585e-01
-1.8626e-01
-1.8666e-01
-1.8707e-01
-1.8747e-01
-1.8787e-01
-1.8827e-01
-1.8867e-01
-1.8907e-01
-1.8947e-01
-1.8987e-01
-1.9027e-01
-1.9067e-01
-1.9107e-01
-1.9147e-01
-1.9186e-01
-1.9226e-01
-1.9265e-01
-1.9304e-01
-1.9344e-01
-1.9383e-01
-1.9422e-01
-1.9460e-01
-1.9499e-01
-1.9538e-01
-1.9576e-01
-1.9615e-01
-1.9653e-01
-1.9692e-01
-1.9730e-01
-1.9769e-01
-1.9807e-01
-1.9846e-01
-1.9885e-01
-1.9923e-01
-1.9962e-01
-2.0000e-01
-2.0039e-01
-2.0077e-01
-2.0115e-01
-2.0154e-01
-2.0192e-01
-2.0230e-01
-2.0268e-01
-2.0306e-01
-2.0343e-01
-2.0381e-01
-2.0418e-01
-2.0455e-01
-2.0491e-01
-2.0528e-01
-2.0564e-01
-2.0600e-01
-2.0635e-01
-2.0670e-01
-2.0705e-01
-2.0740e-01
-2.0774e-01
-2.0807e-01
-2.0840e-01
-2.0872e-01
-2.0904e-01
-2.0936e-01
-2.0966e-01
-2.0996e-01
-2.1025e-01
-2.1054e-01
-2.1082e-01
-2.1108e-01
-2.1134e-01
-2.1159e-01
-2.1183e-01
-2.1206e-01
-2.1227e-01
-2.1248e-01
-2.1267e-01
-2.1286e-01
-2.1303e-01
-2.1319e-01
-2.1334e-01
-2.1348e-01
-2.1361e-01
-2.1373e-01
-2.1383e-01
-2.1392e-01
-2.1400e-01
-2.1407e-01
-2.1413e-01
-2.1418e-01
-2.1422e-01
-2.1425e-01
-2.1427e-01
-2.1428e-01
-2.1428e-01
-2.1427e-01
-2.1426e-01
-2.1423e-01
-2.1420e-01
-2.1416e-01
-2.1411e-01
-2.1406e-01
-2.1400e-01
-2.1393e-01
-2.1386e-01
-2.1379e-01
-2.1371e-01
-2.1363e-01
-2.1355e-01
-2.1346e-01
-2.1338e-01
-2.1330e-01
-2.1322e-01
-2.1314e-01
-2.1306e-01
-2.1299e-01
-2.1293e-01
-2.1287e-01
-2.1281e-01
-2.1277e-01
-2.1273e-01
-2.1270e-01
-2.1267e-01
-2.1265e-01
-2.1265e-01
-2.1264e-01
-2.1265e-01
-2.1267e-01
-2.1270e-01
-2.1273e-01
-2.1278e-01
-2.1283e-01
-2.1289e-01
-2.1296e-01
-2.1304e-01
-2.1313e-01
-2.1323e-01
-2.1334e-01
-2.1346e-01
-2.1358e-01
-2.1371e-01
-2.1385e-01
-2.1399e-01
-2.1414e-01
-2.1429e-01
-2.1444e-01
-2.1460e-01
-2.1476e-01
-2.1492e-01
-2.1508e-01
-2.1524e-01
-2.1539e-01
-2.1555e-01
-2.1570e-01
-2.1584e-01
-2.1599e-01
-2.1612e-01
-2.1626e-01
-2.1639e-01
-2.1651e-01
-2.1663e-01
-2.1675e-01
-2.1685e-01
-2.1695e-01
-2.1705e-01
-2.1713e-01
-2.1721e-01
-2.1728e-01
-2.1735e-01
-2.1741e-01
-2.1745e-01
-2.1749e-01
-2.1752e-01
-2.1755e-01
-2.1756e-01
-2.1756e-01
-2.1756e-01
-2.1755e-01
-2.1753e-01
-2.1750e-01
-2.1746e-01
-2.1742e-01
-2.1736e-01
-2.1730e-01
-2.1723e-01
-2.1715e-01
-2.1706e-01
-2.1696e-01
-2.1686e-01
-2.1675e-01
-2.1663e-01
-2.1650e-01
-2.1636e-01
-2.1622e-01
-2.1607e-01
-2.1591e-01
-2.1574e-01
-2.1556e-01
-2.1538e-01
-2.1519e-01
-2.1499e-01
-2.1479e-01
-2.1458e-01
-2.1436e-01
-2.1413e-01
-2.1389e-01
-2.1365e-01
-2.1340e-01
-2.1314e-01
-2.1288e-01
-2.1261e-01
-2.1233e-01
-2.1205e-01
-2.1176e-01
-2.1147e-01
-2.1117e-01
-2.1087e-01
-2.1056e-01
-2.1025e-01
-2.0994e-01
-2.0962e-01
-2.0930e-01
-2.0898e-01
-2.0866e-01
-2.0833e-01
-2.0800e-01
-2.0767e-01
-2.0733e-01
-2.0699e-01
-2.0665e-01
-2.0630e-01
-2.0595e-01
-2.0560e-01
-2.0524e-01
-2.0489e-01
-2.0453e-01
-2.0417e-01
-2.0381e-01
-2.0345e-01
-2.0310e-01
-2.0274e-01
-2.0239e-01
-2.0205e-01
-2.0170e-01
-2.0137e-01
-2.0104e-01
-2.0072e-01
-2.0041e-01
-2.0011e-01
-1.9982e-01
-1.9954e-01
-1.9928e-01
-1.9902e-01
-1.9878e-01
-1.9855e-01
-1.9834e-01
-1.9814e-01
-1.9795e-01
-1.9778e-01
-1.9762e-01
-1.9748e-01
-1.9735e-01
-1.9723e-01
-1.9713e-01
-1.9704e-01
-1.9697e-01
-1.9691e-01
-1.9687e-01
-1.9684e-01
-1.9682e-01
-1.9682e-01
-1.9683e-01
