  102.06   1495.82
   98.89   1469.34
   97.61   1458.62
   95.83   1443.73
   93.36   1423.19
   91.52   1407.82
   89.99   1395.13
   88.67   1384.15
   87.49   1374.38
   85.44   1357.39
   83.12   1338.31
   81.13   1321.98
   79.37   1307.58
   77.78   1294.64
   76.44   1283.83
   75.20   1273.81
   72.94   1255.67
   70.53   1236.50
   68.37   1219.47
   67.03   1209.06
   65.78   1199.30
   64.45   1189.07
   62.83   1176.72
   61.32   1165.25
   61.24   1164.68
   61.17   1164.12
   61.02   1163.00
   60.72   1160.78
   60.14   1156.44
   59.02   1148.08
   57.47   1136.66
   56.00   1125.99
   54.53   1115.43
   53.83   1110.39
   53.14   1105.51
   51.94   1097.12
   51.36   1093.08
   50.79   1089.15
   49.63   1081.17
   49.06   1077.32
   48.50   1073.57
   47.52   1067.03
   46.57   1060.76
   45.65   1054.74
   45.20   1051.81
   44.75   1048.94
   43.87   1043.37
   43.44   1040.66
   43.02   1038.00
   42.19   1032.82
   41.37   1027.83
   41.27   1027.22
   40.49   1022.49
   40.09   1020.08
   39.95   1019.24
   39.28   1015.29
   38.62   1011.46
   37.92   1007.41
   37.24   1003.48
   37.06   1002.47
   36.88   1001.48
   36.05    996.85
   35.24    992.40
   35.07    991.48
   34.94    990.75
   34.80    990.02
   34.25    987.02
   33.97    985.55
   33.69    984.09
   33.14    981.21
   32.60    978.39
   32.41    977.43
   32.22    976.47
   31.51    972.89
   30.82    969.44
   30.69    968.81
   30.63    968.53
   30.58    968.25
   30.02    965.56
   29.47    962.94
   28.71    959.33
   28.57    958.67
   28.41    957.96
   28.26    957.26
   27.87    955.50
   27.49    953.77
   27.25    952.69
   27.05    951.80
   27.03    951.71
   27.01    951.61
   26.96    951.43
   26.91    951.20
   26.86    950.98
   26.76    950.53
   26.68    950.18
   26.60    949.83
   26.44    949.12
   26.28    948.43
   26.12    947.74
   25.92    946.89
   25.72    946.05
   25.33    944.40
   24.94    942.77
   24.75    941.98
   24.55    941.19
   24.17    939.63
   23.79    938.10
   23.17    935.66
   23.04    935.15
   22.33    932.46
   21.63    929.86
   20.93    927.37
   20.25    924.98
   19.83    923.54
   19.60    922.78
   18.95    920.62
   18.32    918.62
   17.71    916.71
   17.09    914.87
   16.89    914.28
   16.69    913.69
   16.29    912.56
   15.90    911.47
   15.32    909.90
   14.75    908.39
   14.22    907.07
   13.70    905.80
   13.62    905.61
   13.08    904.33
   12.53    903.11
   11.69    901.32
   11.68    901.29
   11.67    901.27
   11.66    901.25
   11.65    901.22
   11.62    901.17
   11.60    901.13
   11.58    901.08
   11.55    901.03
   11.51    900.94
   11.46    900.85
   11.41    900.75
   11.37    900.66
   11.32    900.57
   11.28    900.48
   11.23    900.39
   11.18    900.30
   11.14    900.20
   11.09    900.11
   11.05    900.02
   10.95    899.85
   10.94    899.82
   10.92    899.79
   10.91    899.76
   10.89    899.73
   10.86    899.67
   10.83    899.62
   10.79    899.53
   10.75    899.45
   10.66    899.28
   10.57    899.11
   10.47    898.93
   10.37    898.75
   10.28    898.58
   10.18    898.40
    9.99    898.06
    9.79    897.72
    9.63    897.43
    9.46    897.14
    9.31    896.89
    9.16    896.65
    9.01    896.41
    8.86    896.17
    8.61    895.78
    8.35    895.40
    8.05    894.96
    7.93    894.79
    7.60    894.33
    7.26    893.88
    7.02    893.58
    6.60    893.06
    6.17    892.58
    6.12    892.53
    5.73    892.11
    5.34    891.72
    5.23    891.62
    5.09    891.49
    4.72    891.17
    4.35    890.87
    4.18    890.74
    4.01    890.61
    3.74    890.43
    3.47    890.25
    2.93    889.95
    2.66    889.81
    2.60    889.78
    2.23    889.62
    1.86    889.49
    1.73    889.44
    1.30    889.33
    0.86    889.24
    0.79    889.23
    0.40    889.19
    0.00    889.17
