   19.13    531.39
   21.30    567.70
   22.09    580.81
   23.11    597.72
   24.22    616.09
   24.44    619.62
   24.45    619.87
   24.47    620.11
   24.50    620.59
   24.56    621.54
   24.59    622.14
   24.63    622.68
   24.69    623.73
   24.82    625.78
   25.06    629.68
   25.91    643.30
   26.43    651.59
   26.91    659.19
   28.94    690.96
   29.82    704.67
   31.09    724.57
   32.97    753.69
   34.31    774.48
   34.92    783.81
   35.49    792.61
   36.55    808.94
   37.06    816.62
   37.54    824.00
   38.66    840.94
   39.16    848.55
   39.65    855.87
   40.48    868.43
   40.89    874.50
   41.28    880.42
   42.05    891.87
   42.43    897.45
   42.80    902.92
   43.69    916.05
   44.49    927.77
   45.86    947.67
   45.93    948.72
   47.16    966.46
   48.50    985.61
   49.71   1002.77
   51.06   1021.73
   51.83   1032.49
   52.53   1042.10
   53.86   1060.35
   53.88   1060.65
   53.90   1060.92
   53.94   1061.46
   53.98   1062.00
   54.02   1062.53
   54.07   1063.21
   54.12   1063.89
   54.17   1064.57
   54.22   1065.25
   54.31   1066.59
   54.41   1067.93
   54.55   1069.73
   54.68   1071.51
   54.70   1071.77
   54.79   1073.08
   54.89   1074.45
   54.99   1075.77
   55.18   1078.31
   55.36   1080.79
   55.54   1083.22
   55.72   1085.62
   55.90   1087.99
   55.92   1088.25
   55.94   1088.51
   55.97   1089.02
   56.01   1089.53
   56.05   1090.03
   56.12   1091.05
   56.20   1092.05
   56.35   1094.06
   56.50   1096.06
   56.80   1100.02
   57.09   1103.95
   57.59   1110.55
   57.84   1113.82
   58.08   1117.06
   58.65   1124.60
   59.17   1131.39
   60.17   1144.42
   60.75   1151.89
   61.32   1159.20
   62.56   1175.02
   63.71   1189.54
   63.81   1190.71
   63.90   1191.85
   64.08   1194.10
   64.43   1198.55
   64.57   1200.19
   64.68   1201.58
   65.15   1207.40
   65.38   1210.24
   65.60   1213.03
   66.11   1219.29
   66.61   1225.45
   67.36   1234.55
   67.40   1234.99
   67.43   1235.42
   68.33   1246.17
   69.16   1256.16
   69.71   1262.67
   70.34   1270.06
   70.88   1276.49
   70.96   1277.36
   71.03   1278.21
   71.18   1279.90
   71.46   1283.25
   72.03   1289.82
   72.08   1290.37
   72.12   1290.92
   72.64   1296.84
   73.15   1302.69
   73.24   1303.75
   73.32   1304.67
   73.93   1311.60
   74.53   1318.32
   75.69   1331.36
   75.88   1333.45
   76.28   1337.94
   76.67   1342.17
   77.60   1352.41
   78.53   1362.44
   79.78   1375.78
   80.33   1381.66
   80.72   1385.78
   81.11   1389.86
   81.91   1398.15
   82.69   1406.19
   82.72   1406.56
   83.17   1411.14
   83.62   1415.68
   84.52   1424.76
   85.41   1433.64
   85.57   1435.28
   85.74   1436.88
   86.06   1440.05
   86.18   1441.20
   86.29   1442.35
   86.72   1446.56
   87.16   1450.76
   87.21   1451.30
   87.27   1451.83
   87.37   1452.88
   87.64   1455.43
   87.90   1457.97
   88.17   1460.50
   88.43   1463.01
   88.95   1467.91
   89.47   1472.83
   90.51   1482.53
   90.62   1483.60
   90.74   1484.64
   91.08   1487.77
   91.43   1490.99
   92.13   1497.38
   92.98   1504.97
   93.66   1511.06
   94.09   1514.79
   94.51   1518.50
   96.75   1537.97
   97.32   1542.95
   97.82   1547.31
   99.16   1558.83
   99.75   1563.87
  100.30   1568.60
  101.48   1578.64
  102.57   1587.83
  102.89   1590.48
  103.35   1594.34
