0 0.96 0.367298
0.025 0.975564 0.404894
0.05 0.977046 0.427713
0.075 0.982024 0.45144
0.1 0.982813 0.470711
0.125 0.98569 0.490643
0.15 0.986193 0.508086
0.175 0.988177 0.526032
0.2 0.988526 0.542297
0.225 0.990017 0.55895
0.25 0.990273 0.57435
0.275 0.991451 0.590047
0.3 0.991645 0.604753
0.325 0.992606 0.619683
0.35 0.992756 0.633793
0.375 0.993558 0.648064
0.4 0.993676 0.661636
0.425 0.994358 0.675316
0.45 0.994451 0.688383
0.475 0.995036 0.70151
0.5 0.995111 0.714089
0.525 0.995618 0.726686
0.55 0.995678 0.738784
0.575 0.996121 0.750862
0.6 0.99617 0.762478
0.625 0.996559 0.77404
0.65 0.996598 0.785169
0.675 0.996941 0.796212
0.7 0.996974 0.806845
0.725 0.997277 0.817364
0.75 0.997304 0.82749
0.775 0.997574 0.837476
0.8 0.997597 0.847083
0.825 0.997836 0.856525
0.85 0.997857 0.865599
0.875 0.99807 0.874487
0.9 0.99809 0.883014
0.925 0.99828 0.891335
0.95 0.998299 0.899302
0.975 0.998469 0.907046
1 0.998488 0.91444
1.025 0.99864 0.921594
1.05 0.99866 0.928403
1.075 0.998797 0.934957
1.1 0.998819 0.941168
1.125 0.998942 0.947112
1.15 0.998966 0.952716
1.175 0.999078 0.958041
1.2 0.999104 0.963028
1.225 0.999206 0.967727
1.25 0.999235 0.972091
1.275 0.999327 0.976158
1.3 0.999361 0.979891
1.325 0.999445 0.983321
1.35 0.999483 0.986421
1.375 0.99956 0.989212
1.4 0.999602 0.991676
1.425 0.999673 0.993827
1.45 0.999719 0.995654
1.475 0.999786 0.997168
1.5 0.999836 0.998361
1.525 0.999898 0.999241
1.55 0.999954 0.999804
1.575 1.00001 1.00006
1.6 1.00007 0.999996
1.625 1.00013 0.999627
1.65 1.00019 0.998955
1.675 1.00024 0.997977
1.7 1.00031 0.996704
1.725 1.00036 0.995132
1.75 1.00044 0.993273
1.775 1.00049 0.991123
1.8 1.00056 0.988695
1.825 1.00061 0.985987
1.85 1.00069 0.983012
1.875 1.00074 0.979768
1.9 1.00082 0.976271
1.925 1.00087 0.972517
1.95 1.00095 0.968524
1.975 1.001 0.964289
2 1.00109 0.959832
2.025 1.00113 0.955149
2.05 1.00122 0.950262
2.075 1.00126 0.945167
2.1 1.00136 0.939888
2.125 1.00139 0.934422
2.15 1.00149 0.928792
2.175 1.00153 0.922998
2.2 1.00163 0.917063
2.225 1.00166 0.910988
2.25 1.00176 0.904798
2.275 1.00179 0.898494
2.3 1.00189 0.892102
2.325 1.00192 0.885624
2.35 1.00201 0.879086
2.375 1.00204 0.872492
2.4 1.00214 0.86587
2.425 1.00216 0.859226
2.45 1.00226 0.852584
2.475 1.00228 0.845952
2.5 1.00237 0.839358
2.525 1.00239 0.83281
2.55 1.00247 0.826325
2.575 1.00249 0.81992
2.6 1.00257 0.813616
2.625 1.00258 0.80743
2.65 1.00266 0.801379
2.675 1.00267 0.795482
2.7 1.00275 0.78976
2.725 1.00275 0.784227
2.75 1.00282 0.778904
2.775 1.00282 0.773807
2.8 1.00289 0.768955
2.825 1.00288 0.764365
2.85 1.00294 0.760051
2.875 1.00293 0.756031
2.9 1.00298 0.752319
2.925 1.00296 0.748928
2.95 1.00301 0.745872
2.975 1.00299 0.743162
3 1.00303 0.740809
3.025 1.003 0.738824
3.05 1.00304 0.737212
3.075 1.00301 0.735981
3.1 1.00304 0.735137
3.125 1.003 0.734682
3.15 1.00302 0.734618
3.175 1.00298 0.734943
3.2 1.003 0.735661
3.225 1.00295 0.736767
3.25 1.00296 0.738254
3.275 1.0029 0.740119
3.3 1.00291 0.742352
3.325 1.00285 0.744946
3.35 1.00285 0.747889
3.375 1.00279 0.751172
3.4 1.00278 0.75478
3.425 1.00271 0.758702
3.45 1.0027 0.762921
3.475 1.00263 0.767422
3.5 1.00261 0.772191
3.525 1.00253 0.777209
3.55 1.00251 0.782459
3.575 1.00243 0.787925
3.6 1.0024 0.793587
3.625 1.00232 0.79943
3.65 1.00229 0.805432
3.675 1.00221 0.811576
3.7 1.00217 0.817843
3.725 1.00208 0.824217
3.75 1.00204 0.830677
3.775 1.00196 0.837207
3.8 1.00191 0.843788
3.825 1.00183 0.850404
3.85 1.00178 0.857036
3.875 1.0017 0.863668
3.9 1.00164 0.870284
3.925 1.00156 0.876869
3.95 1.00151 0.883405
3.975 1.00143 0.889878
4 1.00137 0.896273
4.025 1.00129 0.902578
4.05 1.00124 0.908777
4.075 1.00116 0.914857
4.1 1.00111 0.920806
4.125 1.00103 0.926611
4.15 1.00098 0.932261
4.175 1.00091 0.937745
4.2 1.00085 0.943052
4.225 1.00078 0.948172
4.25 1.00073 0.953094
4.275 1.00067 0.957811
4.3 1.00062 0.962313
4.325 1.00056 0.966592
4.35 1.00051 0.97064
4.375 1.00046 0.974451
4.4 1.00041 0.978016
4.425 1.00036 0.981332
4.45 1.00032 0.984391
4.475 1.00028 0.987188
4.5 1.00024 0.989719
4.525 1.0002 0.991979
4.55 1.00017 0.993965
4.575 1.00013 0.995673
4.6 1.0001 0.9971
4.625 1.00008 0.998245
4.65 1.00005 0.999105
4.675 1.00003 0.999678
4.7 1.00001 0.999965
4.725 0.999992 0.999963
4.75 0.999977 0.999674
4.775 0.999966 0.999098
4.8 0.999956 0.998236
4.825 0.99995 0.997089
4.85 0.999945 0.995659
4.875 0.999945 0.993949
4.9 0.999944 0.991961
4.925 0.99995 0.989698
4.95 0.999953 0.987165
4.975 0.999964 0.984365
5 0.999972 0.981304
5.025 0.999988 0.977986
5.05 1 0.974418
5.075 1.00002 0.970605
5.1 1.00004 0.966555
5.125 1.00006 0.962274
5.15 1.00008 0.957771
5.175 1.00011 0.953052
5.2 1.00013 0.948128
5.225 1.00017 0.943006
5.25 1.00019 0.937698
5.275 1.00023 0.932212
5.3 1.00026 0.926561
5.325 1.0003 0.920754
5.35 1.00033 0.914804
5.375 1.00037 0.908722
5.4 1.0004 0.902523
5.425 1.00044 0.896218
5.45 1.00048 0.889822
5.475 1.00052 0.883347
5.5 1.00055 0.876812
5.525 1.0006 0.870227
5.55 1.00063 0.863611
5.575 1.00068 0.856977
5.6 1.00071 0.850345
5.625 1.00076 0.843731
5.65 1.00079 0.83715
5.675 1.00083 0.83062
5.7 1.00087 0.824161
5.725 1.00091 0.817789
5.75 1.00094 0.811522
5.775 1.00098 0.805378
5.8 1.00101 0.799378
5.825 1.00105 0.793538
5.85 1.00108 0.787877
5.875 1.00112 0.782413
5.9 1.00114 0.777165
5.925 1.00117 0.772148
5.95 1.0012 0.767383
5.975 1.00123 0.762882
6 1.00125 0.758666
6.025 1.00127 0.754748
6.05 1.00129 0.751142
6.075 1.00131 0.747862
6.1 1.00132 0.744922
6.125 1.00134 0.742332
6.15 1.00135 0.740101
6.175 1.00136 0.73824
6.2 1.00137 0.736756
6.225 1.00138 0.735655
6.25 1.00138 0.734941
6.275 1.00138 0.734616
6.3 1.00138 0.734684
6.325 1.00138 0.735143
6.35 1.00137 0.735991
6.375 1.00137 0.737224
6.4 1.00136 0.738839
6.425 1.00135 0.740829
6.45 1.00133 0.743184
6.475 1.00132 0.745897
6.5 1.0013 0.748956
6.525 1.00128 0.75235
6.55 1.00126 0.756065
6.575 1.00124 0.760088
6.6 1.00122 0.764404
6.625 1.00119 0.768997
6.65 1.00116 0.773851
6.675 1.00113 0.778949
6.7 1.0011 0.784274
6.725 1.00107 0.789809
6.75 1.00104 0.795533
6.775 1.001 0.801431
6.8 1.00097 0.807483
6.825 1.00093 0.813671
6.85 1.0009 0.819976
6.875 1.00085 0.826381
6.9 1.00082 0.832866
6.925 1.00078 0.839416
6.95 1.00074 0.84601
6.975 1.0007 0.852633
7 1.00066 0.859267
7.025 1.00062 0.865896
7.05 1.00058 0.872503
7.075 1.00054 0.879073
7.1 1.0005 0.885589
7.125 1.00046 0.892038
7.15 1.00043 0.898405
7.175 1.00038 0.904675
7.2 1.00035 0.910835
7.225 1.00031 0.916873
7.25 1.00028 0.922774
7.275 1.00024 0.928529
7.3 1.00022 0.934124
7.325 1.00018 0.93955
7.35 1.00015 0.944795
7.375 1.00012 0.94985
7.4 1.0001 0.954704
7.425 1.00007 0.959349
7.45 1.00005 0.963777
7.475 1.00003 0.967979
7.5 1.00001 0.971948
7.525 0.999994 0.975677
7.55 0.999982 0.97916
7.575 0.999967 0.982389
7.6 0.99996 0.985361
7.625 0.99995 0.988069
7.65 0.999947 0.990509
7.675 0.999943 0.992678
7.7 0.999944 0.99457
7.725 0.999945 0.996184
7.75 0.999952 0.997517
7.775 0.999958 0.998566
7.8 0.999969 0.99933
7.825 0.999982 0.999807
7.85 0.999998 0.999996
7.875 1.00002 0.999898
7.9 1.00004 0.999513
7.925 1.00006 0.99884
7.95 1.00009 0.997882
7.975 1.00012 0.99664
8 1.00014 0.995115
8.025 1.00018 0.993311
8.05 1.00021 0.99123
8.075 1.00025 0.988876
8.1 1.00029 0.986253
8.125 1.00034 0.983365
8.15 1.00038 0.980217
8.175 1.00043 0.976814
8.2 1.00048 0.973163
8.225 1.00053 0.96927
8.25 1.00058 0.965141
8.275 1.00064 0.960784
8.3 1.00069 0.956208
8.325 1.00076 0.951419
8.35 1.00081 0.946427
8.375 1.00088 0.941241
8.4 1.00093 0.935872
8.425 1.001 0.93033
8.45 1.00106 0.924625
8.475 1.00113 0.918768
8.5 1.00119 0.912773
8.525 1.00127 0.906651
8.55 1.00132 0.900414
8.575 1.0014 0.894076
8.6 1.00146 0.887652
8.625 1.00154 0.881155
8.65 1.00159 0.874601
8.675 1.00167 0.868004
8.7 1.00172 0.861381
8.725 1.00181 0.854747
8.75 1.00186 0.848119
8.775 1.00194 0.841512
8.8 1.00199 0.834947
8.825 1.00207 0.82844
8.85 1.00211 0.822007
8.875 1.00219 0.815668
8.9 1.00223 0.809441
8.925 1.00231 0.803344
8.95 1.00235 0.797395
8.975 1.00243 0.791613
9 1.00246 0.786016
9.025 1.00253 0.780623
9.05 1.00256 0.77545
9.075 1.00263 0.770516
9.1 1.00265 0.765839
9.125 1.00272 0.761433
9.15 1.00273 0.757315
9.175 1.0028 0.753499
9.2 1.00281 0.750001
9.225 1.00287 0.746835
9.25 1.00287 0.744011
9.275 1.00293 0.74154
9.3 1.00292 0.739434
9.325 1.00298 0.737699
9.35 1.00296 0.736343
9.375 1.00301 0.735371
9.4 1.003 0.734788
9.425 1.00304 0.734596
9.45 1.00301 0.734795
9.475 1.00305 0.735384
9.5 1.00302 0.736363
9.525 1.00305 0.737726
9.55 1.00302 0.739467
9.575 1.00304 0.741579
9.6 1.003 0.744056
9.625 1.00302 0.746887
9.65 1.00297 0.75006
9.675 1.00299 0.753563
9.7 1.00293 0.757384
9.725 1.00294 0.761508
9.75 1.00288 0.765918
9.775 1.00289 0.770601
9.8 1.00282 0.775539
9.825 1.00282 0.780716
9.85 1.00275 0.786113
9.875 1.00275 0.791713
9.9 1.00267 0.797498
9.925 1.00266 0.80345
9.95 1.00258 0.809549
9.975 1.00257 0.815779
10 1.00248 0.822119
10.025 1.00247 0.828554
10.05 1.00238 0.835063
10.075 1.00236 0.605363
10.1 1.00227 0.625071
10.125 1.00225 0.644387
10.15 1.00215 0.663302
10.175 1.00213 0.681801
10.2 1.00203 0.699875
10.225 1.002 0.717511
10.25 1.00191 0.734698
10.275 1.00188 0.751427
10.3 1.00178 0.767686
10.325 1.00175 0.783465
10.35 1.00165 0.798754
10.375 1.00161 0.813545
10.4 1.00152 0.827826
10.425 1.00148 0.841591
10.45 1.00138 0.854829
10.475 1.00134 0.867534
10.5 1.00125 0.879696
10.525 1.00121 0.891308
10.55 1.00112 0.902363
10.575 1.00107 0.912855
10.6 1.00098 0.922775
10.625 1.00094 0.93212
10.65 1.00085 0.940881
10.675 1.00081 0.949055
10.7 1.00072 0.956635
10.725 1.00068 0.963618
10.75 1.0006 0.969998
10.775 1.00055 0.975772
10.8 1.00047 0.980936
10.825 1.00042 0.985487
10.85 1.00035 0.989423
10.875 1.0003 0.99274
10.9 1.00023 0.995436
10.925 1.00017 0.997511
10.95 1.00011 0.998962
10.975 1.00005 0.999788
11 0.999992 0.99999
11.025 0.999933 0.999567
11.05 0.999877 0.998519
11.075 0.999814 0.996847
11.1 0.999763 0.994553
11.125 0.999695 0.991636
11.15 0.999649 0.9881
11.175 0.999576 0.983946
11.2 0.999534 0.979178
11.225 0.999455 0.973797
11.25 0.999417 0.967808
11.275 0.999331 0.961214
11.3 0.999296 0.954019
11.325 0.999203 0.946228
11.35 0.999171 0.937846
11.375 0.999068 0.928877
11.4 0.99904 0.919329
11.425 0.998927 0.909205
11.45 0.9989 0.898513
11.475 0.998775 0.88726
11.5 0.998751 0.875452
11.525 0.998612 0.863097
11.55 0.998588 0.850203
11.575 0.998434 0.836777
11.6 0.998411 0.822829
11.625 0.998239 0.808366
11.65 0.998215 0.793398
11.675 0.998023 0.777934
11.7 0.997998 0.761984
11.725 0.997782 0.745557
11.75 0.997755 0.728665
11.775 0.997513 0.711317
11.8 0.997482 0.693525
11.825 0.99721 0.675299
11.85 0.997173 0.656652
11.875 0.996868 0.637594
11.9 0.996824 0.618137
11.925 0.996478 0.598294
11.95 0.996425 0.578077
11.975 0.996034 0.557499
12 0.995969 0.536573
12.025 0.995524 0.515311
12.05 0.995444 0.493727
12.075 0.994934 0.471835
12.1 0.994835 0.449647
12.125 0.994247 0.427179
12.15 0.994123 0.404444
12.175 0.99344 0.381456
12.2 0.993282 0.358229
12.225 0.992478 0.334779
12.25 0.992275 0.311119
12.275 0.991312 0.287265
12.3 0.991045 0.263232
12.325 0.989866 0.239034
12.35 0.989503 0.214686
12.375 0.988012 0.190205
12.4 0.987492 0.165604
12.425 0.985508 0.1409
12.45 0.984696 0.116108
12.475 0.981821 0.0912435
12.5 0.980305 0.0663219
12.525 0.975331 0.0413588
12.55 0.970189 0.0163699
