0 0
0.025 0.0249974
0.05 0.0499792
0.075 0.0749297
0.1 0.0998334
0.125 0.124675
0.15 0.149438
0.175 0.174108
0.2 0.198669
0.225 0.223106
0.25 0.247404
0.275 0.271547
0.3 0.29552
0.325 0.319309
0.35 0.342898
0.375 0.366273
0.4 0.389418
0.425 0.412321
0.45 0.434966
0.475 0.457338
0.5 0.479426
0.525 0.501213
0.55 0.522687
0.575 0.543835
0.6 0.564642
0.625 0.585097
0.65 0.605186
0.675 0.624897
0.7 0.644218
0.725 0.663135
0.75 0.681639
0.775 0.699716
0.8 0.717356
0.825 0.734548
0.85 0.75128
0.875 0.767544
0.9 0.783327
0.925 0.798621
0.95 0.813416
0.975 0.827702
1 0.841471
1.025 0.854714
1.05 0.867423
1.075 0.87959
1.1 0.891207
1.125 0.902268
1.15 0.912764
1.175 0.92269
1.2 0.932039
1.225 0.940806
1.25 0.948985
1.275 0.95657
1.3 0.963558
1.325 0.969944
1.35 0.975723
1.375 0.980893
1.4 0.98545
1.425 0.989391
1.45 0.992713
1.475 0.995415
1.5 0.997495
1.525 0.998952
1.55 0.999784
1.575 0.999991
1.6 0.999574
1.625 0.998531
1.65 0.996865
1.675 0.994576
1.7 0.991665
1.725 0.988134
1.75 0.983986
1.775 0.979223
1.8 0.973848
1.825 0.967864
1.85 0.961275
1.875 0.954086
1.9 0.9463
1.925 0.937923
1.95 0.92896
1.975 0.919416
2 0.909297
2.025 0.898611
2.05 0.887362
2.075 0.875559
2.1 0.863209
2.125 0.85032
2.15 0.836899
2.175 0.822955
2.2 0.808496
2.225 0.793533
2.25 0.778073
2.275 0.762127
2.3 0.745705
2.325 0.728817
2.35 0.711473
2.375 0.693685
2.4 0.675463
2.425 0.656819
2.45 0.637765
2.475 0.618312
2.5 0.598472
2.525 0.578259
2.55 0.557684
2.575 0.53676
2.6 0.515501
2.625 0.49392
2.65 0.472031
2.675 0.449846
2.7 0.42738
2.725 0.404647
2.75 0.381661
2.775 0.358437
2.8 0.334988
2.825 0.31133
2.85 0.287478
2.875 0.263446
2.9 0.239249
2.925 0.214903
2.95 0.190423
2.975 0.165823
3 0.14112
3.025 0.116329
3.05 0.0914646
3.075 0.0665434
3.1 0.0415807
3.125 0.0165919
3.15 -0.00840725
3.175 -0.0334011
3.2 -0.0583741
3.225 -0.0833107
3.25 -0.108195
3.275 -0.133012
3.3 -0.157746
3.325 -0.182381
3.35 -0.206902
3.375 -0.231294
3.4 -0.255541
3.425 -0.279629
3.45 -0.303542
3.475 -0.327265
3.5 -0.350783
3.525 -0.374083
3.55 -0.397148
3.575 -0.419966
3.6 -0.44252
3.625 -0.464799
3.65 -0.486787
3.675 -0.50847
3.7 -0.529836
3.725 -0.550871
3.75 -0.571561
3.775 -0.591895
3.8 -0.611858
3.825 -0.631439
3.85 -0.650625
3.875 -0.669405
3.9 -0.687766
3.925 -0.705698
3.95 -0.723188
3.975 -0.740227
4 -0.756802
4.025 -0.772905
4.05 -0.788525
4.075 -0.803652
4.1 -0.818277
4.125 -0.832391
4.15 -0.845984
4.175 -0.859048
4.2 -0.871576
4.225 -0.883559
4.25 -0.894989
4.275 -0.905861
4.3 -0.916166
4.325 -0.925899
4.35 -0.935053
4.375 -0.943622
4.4 -0.951602
4.425 -0.958987
4.45 -0.965773
4.475 -0.971955
4.5 -0.97753
4.525 -0.982494
4.55 -0.986844
4.575 -0.990577
4.6 -0.993691
4.625 -0.996184
4.65 -0.998054
4.675 -0.999301
4.7 -0.999923
4.725 -0.99992
4.75 -0.999293
4.775 -0.998041
4.8 -0.996165
4.825 -0.993666
4.85 -0.990547
4.875 -0.986808
4.9 -0.982453
4.925 -0.977483
4.95 -0.971903
4.975 -0.965715
5 -0.958924
5.025 -0.951534
5.05 -0.943549
5.075 -0.934974
5.1 -0.925815
5.125 -0.916077
5.15 -0.905767
5.175 -0.89489
5.2 -0.883455
5.225 -0.871467
5.25 -0.858934
5.275 -0.845865
5.3 -0.832267
5.325 -0.818149
5.35 -0.80352
5.375 -0.788389
5.4 -0.772764
5.425 -0.756657
5.45 -0.740077
5.475 -0.723035
5.5 -0.70554
5.525 -0.687605
5.55 -0.66924
5.575 -0.650457
5.6 -0.631267
5.625 -0.611682
5.65 -0.591716
5.675 -0.571379
5.7 -0.550686
5.725 -0.529648
5.75 -0.508279
5.775 -0.486593
5.8 -0.464602
5.825 -0.442321
5.85 -0.419764
5.875 -0.396944
5.9 -0.373877
5.925 -0.350575
5.95 -0.327055
5.975 -0.30333
6 -0.279415
6.025 -0.255326
6.05 -0.231078
6.075 -0.206685
6.1 -0.182163
6.125 -0.157526
6.15 -0.132792
6.175 -0.107974
6.2 -0.0830894
6.225 -0.0581525
6.25 -0.0331792
6.275 -0.00818522
6.3 0.0168139
6.325 0.0418025
6.35 0.066765
6.375 0.0916857
6.4 0.116549
6.425 0.14134
6.45 0.166042
6.475 0.190641
6.5 0.21512
6.525 0.239465
6.55 0.26366
6.575 0.287691
6.6 0.311541
6.625 0.335197
6.65 0.358644
6.675 0.381866
6.7 0.40485
6.725 0.427581
6.75 0.450044
6.775 0.472226
6.8 0.494113
6.825 0.515692
6.85 0.536948
6.875 0.557868
6.9 0.57844
6.925 0.59865
6.95 0.618486
6.975 0.637936
7 0.656987
7.025 0.675627
7.05 0.693845
7.075 0.711629
7.1 0.728969
7.125 0.745853
7.15 0.762271
7.175 0.778213
7.2 0.793668
7.225 0.808627
7.25 0.823081
7.275 0.83702
7.3 0.850437
7.325 0.863321
7.35 0.875667
7.375 0.887465
7.4 0.898708
7.425 0.90939
7.45 0.919503
7.475 0.929042
7.5 0.938
7.525 0.946372
7.55 0.954152
7.575 0.961336
7.6 0.96792
7.625 0.973898
7.65 0.979268
7.675 0.984026
7.7 0.988168
7.725 0.991693
7.75 0.994599
7.775 0.996883
7.8 0.998543
7.825 0.99958
7.85 0.999992
7.875 0.999779
7.9 0.998941
7.925 0.997479
7.95 0.995394
7.975 0.992686
8 0.989358
8.025 0.985412
8.05 0.98085
8.075 0.975675
8.1 0.96989
8.125 0.963499
8.15 0.956506
8.175 0.948915
8.2 0.940731
8.225 0.931959
8.25 0.922604
8.275 0.912673
8.3 0.902172
8.325 0.891107
8.35 0.879484
8.375 0.867313
8.4 0.854599
8.425 0.841351
8.45 0.827577
8.475 0.813286
8.5 0.798487
8.525 0.783189
8.55 0.767401
8.575 0.751134
8.6 0.734397
8.625 0.717201
8.65 0.699557
8.675 0.681476
8.7 0.662969
8.725 0.644048
8.75 0.624724
8.775 0.60501
8.8 0.584917
8.825 0.564459
8.85 0.543648
8.875 0.522498
8.9 0.501021
8.925 0.479231
8.95 0.457141
8.975 0.434766
9 0.412118
9.025 0.389214
9.05 0.366066
9.075 0.342689
9.1 0.319098
9.125 0.295308
9.15 0.271333
9.175 0.247189
9.2 0.22289
9.225 0.198452
9.25 0.173889
9.275 0.149219
9.3 0.124454
9.325 0.0996125
9.35 0.0747083
9.375 0.0497574
9.4 0.0247754
9.425 -0.000222039
9.45 -0.0252194
9.475 -0.0502009
9.5 -0.0751511
9.525 -0.100054
9.55 -0.124895
9.575 -0.149658
9.6 -0.174327
9.625 -0.198887
9.65 -0.223323
9.675 -0.247619
9.7 -0.271761
9.725 -0.295732
9.75 -0.319519
9.775 -0.343106
9.8 -0.366479
9.825 -0.389623
9.85 -0.412523
9.875 -0.435165
9.9 -0.457536
9.925 -0.47962
9.95 -0.501405
9.975 -0.522877
10 -0.544021
10.025 -0.564826
10.05 -0.585277
10.075 -0.605363
10.1 -0.625071
10.125 -0.644387
10.15 -0.663302
10.175 -0.681801
10.2 -0.699875
10.225 -0.717511
10.25 -0.734698
10.275 -0.751427
10.3 -0.767686
10.325 -0.783465
10.35 -0.798754
10.375 -0.813545
10.4 -0.827826
10.425 -0.841591
10.45 -0.854829
10.475 -0.867534
10.5 -0.879696
10.525 -0.891308
10.55 -0.902363
10.575 -0.912855
10.6 -0.922775
10.625 -0.93212
10.65 -0.940881
10.675 -0.949055
10.7 -0.956635
10.725 -0.963618
10.75 -0.969998
10.775 -0.975772
10.8 -0.980936
10.825 -0.985487
10.85 -0.989423
10.875 -0.99274
10.9 -0.995436
10.925 -0.997511
10.95 -0.998962
10.975 -0.999788
11 -0.99999
11.025 -0.999567
11.05 -0.998519
11.075 -0.996847
11.1 -0.994553
11.125 -0.991636
11.15 -0.9881
11.175 -0.983946
11.2 -0.979178
11.225 -0.973797
11.25 -0.967808
11.275 -0.961214
11.3 -0.954019
11.325 -0.946228
11.35 -0.937846
11.375 -0.928877
11.4 -0.919329
11.425 -0.909205
11.45 -0.898513
11.475 -0.88726
11.5 -0.875452
11.525 -0.863097
11.55 -0.850203
11.575 -0.836777
11.6 -0.822829
11.625 -0.808366
11.65 -0.793398
11.675 -0.777934
11.7 -0.761984
11.725 -0.745557
11.75 -0.728665
11.775 -0.711317
11.8 -0.693525
11.825 -0.675299
11.85 -0.656652
11.875 -0.637594
11.9 -0.618137
11.925 -0.598294
11.95 -0.578077
11.975 -0.557499
12 -0.536573
12.025 -0.515311
12.05 -0.493727
12.075 -0.471835
12.1 -0.449647
12.125 -0.427179
12.15 -0.404444
12.175 -0.381456
12.2 -0.358229
12.225 -0.334779
12.25 -0.311119
12.275 -0.287265
12.3 -0.263232
12.325 -0.239034
12.35 -0.214686
12.375 -0.190205
12.4 -0.165604
12.425 -0.1409
12.45 -0.116108
12.475 -0.0912435
12.5 -0.0663219
12.525 -0.0413588
12.55 -0.0163699
