0 200.53 0
0.02 194.296 -3.14159
0.04 176.732 -4.60154e-17
0.06 150.916 -3.14159
0.08 120.982 -2.75303e-17
0.1 91.0489 -3.14159
0.12 64.3275 1.46701e-17
0.14 42.6664 -3.14159
0.16 26.567 7.57435e-17
0.18 15.5298 3.14159
0.2 8.52235 -1.87266e-17
0.22 4.39055 3.14159
0.24 2.12347 9.37017e-16
0.26 0.964142 -3.14159
0.28 0.410964 3.51724e-15
0.3 0.16445 -3.14159
0.32 0.0617776 2.05757e-14
0.34 0.0217869 -3.14159
0.36 0.00721321 4.0873e-13
0.38 0.00224197 3.14159
0.4 0.00065418 6.6045e-13
0.42 0.000179198 3.14159
0.44 4.60825e-05 6.9047e-11
0.46 1.11252e-05 -3.14159
0.48 2.52142e-06 2.15951e-10
0.5 5.36476e-07 -3.14159
0.52 1.07158e-07 4.32445e-09
0.54 2.00939e-08 -3.14159
0.56 3.53731e-09 3.87683e-08
0.58 5.84586e-10 -3.14159
0.6 9.06963e-11 -2.39885e-06
0.62 1.32086e-11 -3.14158
0.64 1.80497e-12 0.000191907
0.66 2.32288e-13 -3.13453
0.68 2.71415e-14 0.000156926
0.7 3.52275e-15 2.76796
0.72 7.9324e-16 -1.83944
0.74 1.18043e-15 -2.25036
0.76 3.08572e-15 -1.6884
0.78 2.68611e-15 2.52595
0.8 1.72671e-15 2.49671
0.82 5.06863e-15 -0.623194
0.84 5.61506e-15 2.85125
0.86 5.04575e-15 -0.88127
0.88 2.14753e-15 -1.91236
0.9 2.56622e-15 -0.877609
0.92 1.05046e-15 2.23052
0.94 1.49647e-15 1.31564
0.96 1.83884e-15 3.04904
0.98 4.92732e-16 0.317647
1 4.65153e-16 -2.5758
1.02 2.82797e-16 -1.89268
1.04 1.88498e-16 1.03976
1.06 1.14692e-15 1.92203
1.08 1.92073e-15 0.553663
1.1 2.60532e-15 2.93775
1.12 5.6265e-16 2.37256
1.14 2.67271e-15 -1.25138
1.16 1.27538e-15 -1.96006
1.18 4.11111e-15 -0.303066
1.2 3.75286e-16 2.66166
1.22 1.29663e-15 0.588492
1.24 4.13397e-15 -1.17988
1.26 3.71296e-15 2.98418
1.28 1.70532e-15 -2.70498
1.3 3.26132e-15 0.418766
1.32 1.68312e-15 -0.0210476
1.34 2.02863e-15 3.071
1.36 5.38067e-16 0.110774
1.38 1.99233e-15 2.34744
1.4 1.35362e-15 0.45997
1.42 1.52296e-15 0.99528
1.44 1.41241e-15 0.0828356
1.46 8.99629e-16 -2.67495
1.48 1.01787e-15 -1.65977
1.5 1.23096e-15 0.252641
1.52 3.14318e-15 0.0393222
1.54 4.47401e-15 1.4468
1.56 3.24455e-15 -1.73404
1.58 2.08056e-15 0.183104
1.6 3.32109e-15 1.39624
1.62 3.09591e-15 1.19138
1.64 3.44661e-15 2.20921
1.66 7.54473e-16 -0.326505
1.68 2.29642e-15 -0.0188619
1.7 1.75468e-15 2.73711
1.72 1.23493e-15 2.41302
1.74 1.19571e-15 -1.21538
1.76 1.0464e-15 1.22043
1.78 6.69017e-16 0.531371
1.8 5.56992e-16 -2.87105
1.82 1.78806e-15 0.617603
1.84 2.1102e-15 3.01449
1.86 2.49537e-15 0.0512615
1.88 1.82422e-15 2.49372
1.9 2.56191e-15 -0.43792
1.92 2.52085e-15 -2.98904
1.94 8.67912e-16 -1.08418
1.96 1.27957e-15 -1.22783
1.98 4.98806e-16 1.53563
2 5.83793e-16 1.10676
2.02 2.07764e-16 -0.814508
2.04 3.1413e-15 -0.320867
2.06 2.4146e-15 1.58193
2.08 6.39062e-16 -2.83119
2.1 1.57063e-15 2.91195
2.12 1.32711e-15 0.394698
2.14 1.37937e-15 -2.47797
2.16 1.29893e-15 0.236607
2.18 1.4434e-15 -3.0398
2.2 5.28852e-16 0.734117
2.22 1.44592e-15 -3.11323
2.24 2.27346e-15 0.176568
2.26 2.11187e-15 2.96228
2.28 8.20801e-16 0.115411
2.3 1.65551e-15 2.01694
2.32 2.20088e-15 2.18144
2.34 3.14252e-15 -2.69668
2.36 1.67646e-15 -1.03139
2.38 1.7098e-15 1.67262
2.4 2.6845e-15 -2.06169
2.42 3.03033e-15 -2.63819
2.44 1.85189e-15 -2.03216
2.46 2.24572e-15 1.08965
2.48 1.95952e-15 2.87439
2.5 2.63487e-15 3.11925
2.52 2.50366e-15 -1.67855
2.54 6.36133e-16 -0.959202
2.56 1.89677e-15 -2.22149
2.58 1.07243e-15 0.10878
2.6 9.70685e-16 2.73834
2.62 1.3743e-15 0.703639
2.64 6.59853e-16 -2.60212
2.66 3.5846e-16 -0.24113
2.68 3.97791e-15 -2.71722
2.7 1.52696e-15 -1.70402
2.72 1.81455e-15 0.690039
2.74 3.46879e-15 -0.275135
2.76 2.01082e-15 2.08312
2.78 2.02521e-15 -2.13553
2.8 3.49721e-16 -2.03207
2.82 2.12233e-15 -1.8067
2.84 6.03471e-16 2.43308
2.86 7.08122e-16 -0.161846
2.88 1.95953e-15 1.11068
2.9 1.00656e-15 -0.0673782
2.92 9.45948e-16 2.57553
2.94 5.42922e-16 -0.404577
2.96 4.64536e-16 -0.492241
2.98 6.139e-16 0.452762
3 7.9536e-16 0.0567285
3.02 4.08211e-16 -1.41884
3.04 1.34215e-15 -0.562474
3.06 1.15305e-15 -2.35774
3.08 1.89712e-15 0.405858
3.1 7.86198e-16 2.68132
3.12 1.52062e-15 -0.0982633
3.14 4.07596e-15 2.48498
3.16 2.46307e-15 2.11614
3.18 3.4509e-15 3.11411
3.2 7.09177e-15 -0.0177398
3.22 4.12468e-15 -1.86715
3.24 5.98888e-15 -0.716044
3.26 2.00866e-15 2.61016
3.28 2.88018e-15 2.03194
3.3 2.02147e-15 -1.87973
3.32 1.44285e-15 -3.02598
3.34 3.92003e-16 0.385834
3.36 6.00604e-16 0.461801
3.38 1.03547e-15 -1.01447
3.4 9.8419e-16 0.562818
3.42 4.8625e-16 -0.421519
3.44 6.38969e-16 1.0639
3.46 3.44036e-16 1.93874
3.48 6.9159e-16 -0.238217
3.5 9.78746e-16 -3.09699
3.52 2.07009e-15 1.42148
3.54 9.59761e-16 -1.54318
3.56 1.17299e-15 0.669358
3.58 1.79153e-15 2.12504
3.6 1.70213e-15 -2.62854
3.62 1.21003e-15 1.50346
3.64 2.13036e-15 0.132026
3.66 3.90536e-16 -1.15716
3.68 8.85202e-16 -3.01166
3.7 8.91424e-16 -1.53515
3.72 1.13455e-15 -2.74354
3.74 2.66169e-16 -2.25242
3.76 4.2307e-16 -3.05636
3.78 1.3833e-15 -0.0214819
3.8 1.59989e-15 2.86633
3.82 8.83912e-16 0.396027
3.84 2.10508e-15 3.10022
3.86 1.06068e-15 -2.07186
3.88 2.48861e-15 1.90959
3.9 2.61972e-15 0.415407
3.92 2.96481e-15 -2.4207
3.94 4.49253e-15 2.49503
3.96 8.84738e-15 -2.66995
3.98 8.29016e-15 -1.67904
4 1.14968e-14 0
4.02 1.49749e-14 -1.99839
4.04 1.07691e-14 -2.625
4.06 2.94472e-15 -2.64
4.08 7.05734e-15 2.28432
4.1 1.13613e-15 1.13724
4.12 6.10148e-16 -3.12121
4.14 1.96807e-15 -2.74561
4.16 1.60736e-15 -2.88384
4.18 1.53606e-15 0.224802
4.2 9.49292e-16 2.0293
4.22 1.20248e-15 0.00398138
4.24 1.68023e-15 -3.07154
4.26 8.15485e-16 -0.316238
4.28 4.55631e-16 -2.74007
4.3 1.63765e-15 -0.443936
4.32 3.51059e-15 -2.47598
4.34 7.10305e-16 -0.0171027
4.36 2.73329e-15 3.04705
4.38 1.79767e-16 0.342069
4.4 2.42011e-15 1.12089
4.42 2.49758e-15 0.609931
4.44 1.60494e-15 2.36103
4.46 8.24022e-16 2.21252
4.48 1.29326e-15 -3.04215
4.5 1.94166e-15 0.327456
4.52 1.30212e-15 2.28591
4.54 1.70246e-15 0.459435
4.56 1.28763e-15 2.28877
4.58 8.82593e-16 0.0236895
4.6 8.7828e-16 2.97081
4.62 8.80356e-16 -0.00710487
4.64 6.97472e-16 2.50955
4.66 8.85183e-16 1.6676
4.68 2.26e-15 3.04024
4.7 6.61496e-16 -0.420831
4.72 1.37352e-15 -2.40347
4.74 5.31854e-16 -1.50843
4.76 2.1404e-15 2.04513
4.78 1.49219e-15 0.912999
4.8 4.83151e-15 -3.13857
4.82 4.00076e-15 -0.277595
4.84 3.03388e-15 -3.00218
4.86 1.35887e-15 1.38549
4.88 1.27347e-15 -3.04638
4.9 1.31359e-15 -2.15034
4.92 8.88451e-16 -1.96994
4.94 1.15882e-15 0.245799
4.96 1.86168e-15 2.12154
4.98 1.82223e-15 1.25253
5 1.5729e-15 3.13363
5.02 2.03948e-15 0.422353
5.04 1.86984e-15 2.90542
5.06 3.61655e-15 -0.10095
5.08 3.08265e-15 -3.07641
5.1 3.37468e-15 -0.318585
5.12 4.6592e-15 2.98094
5.14 2.41898e-15 -0.0448883
5.16 3.35292e-15 -2.97841
5.18 2.68507e-15 0.335799
5.2 3.95958e-15 2.91876
5.22 1.58499e-15 1.0272
5.24 1.72748e-15 -2.80696
5.26 1.70184e-15 -2.79508
5.28 6.36897e-16 0.447743
5.3 2.41743e-15 0.616881
5.32 2.41514e-15 -2.96358
5.34 1.39024e-15 -0.671766
5.36 1.74015e-16 1.9335
5.38 2.33019e-15 -0.0373641
5.4 2.46797e-15 3.07331
5.42 3.10767e-15 -0.57879
5.44 1.15557e-15 2.23097
5.46 1.64187e-15 -0.919939
5.48 2.69394e-15 -3.10826
5.5 6.8257e-16 -0.288827
5.52 1.48312e-15 0.868088
5.54 5.49821e-15 2.02615
5.56 5.72459e-15 -1.3171
5.58 1.44271e-15 -2.46258
5.6 4.06659e-15 0.0762226
5.62 2.1451e-15 -1.88137
5.64 2.44685e-15 0.270539
5.66 2.43151e-15 -2.40267
5.68 1.29677e-15 1.06672
5.7 1.77735e-15 2.305
5.72 9.00664e-16 0.134807
5.74 1.47912e-15 -2.98445
5.76 1.32677e-15 -0.162932
5.78 1.08721e-15 -3.12648
5.8 1.00265e-15 -0.263445
5.82 2.47556e-16 0.561166
5.84 3.95884e-16 -2.32401
5.86 4.61706e-16 0.814254
5.88 1.71608e-15 0.0317149
5.9 1.57181e-15 -2.67813
5.92 2.36347e-15 -1.04945
5.94 2.66994e-15 3.09916
5.96 2.63249e-16 -0.649464
5.98 4.25819e-15 2.04261
6 3.71148e-15 0.229605
6.02 3.11258e-15 2.2461
6.04 1.90447e-15 0.0860579
6.06 2.79433e-15 2.94551
6.08 7.03443e-16 -0.797449
6.1 9.32203e-16 -1.6843
6.12 8.5492e-16 1.18684
6.14 1.29167e-15 -2.46446
6.16 2.77363e-16 1.5221
6.18 1.24942e-15 1.91978
6.2 1.9432e-16 -0.631332
6.22 1.623e-15 1.19567
6.24 3.54111e-16 -1.24582
6.26 1.11714e-15 1.97997
6.28 2.09004e-15 2.06459
6.3 1.46732e-15 2.43184
6.32 1.2525e-15 -2.11667
6.34 1.80698e-15 -2.61118
6.36 1.06244e-15 -2.1564
6.38 4.32721e-15 -3.10485
6.4 3.38592e-15 0.46339
6.42 4.91604e-16 -2.99802
6.44 1.61369e-15 -2.85285
6.46 9.21119e-16 -1.65214
6.48 1.62691e-15 -0.356558
6.5 1.15563e-15 1.25556
6.52 1.36378e-15 1.9914
6.54 1.91603e-15 -0.813013
6.56 2.04024e-15 2.87309
6.58 1.08286e-15 -0.542017
6.6 1.69911e-15 2.73536
6.62 1.15897e-15 0.346845
6.64 1.09036e-15 2.80802
6.66 1.04882e-15 0.844574
6.68 1.15874e-15 -2.89509
6.7 1.34221e-15 0.635784
6.72 9.66548e-16 -3.04844
6.74 2.79428e-15 0.565807
6.76 2.49224e-15 2.34954
6.78 2.66564e-15 -0.261043
6.8 2.05887e-15 -2.74219
6.82 1.31838e-15 -1.1503
6.84 6.14694e-16 2.3285
6.86 1.30451e-15 -0.797278
6.88 8.98033e-16 -3.13034
6.9 1.46677e-16 -1.64103
6.92 2.69465e-16 -1.32943
6.94 6.59563e-16 3.00267
6.96 1.6919e-15 -0.223852
6.98 4.40581e-16 2.70682
7 5.54677e-16 -0.712304
7.02 5.4295e-16 -2.41517
7.04 1.02904e-15 -0.197286
7.06 7.80246e-16 2.67096
7.08 2.66551e-15 0.440144
7.1 8.53039e-16 0.00248779
7.12 2.84635e-15 -0.227761
7.14 1.85313e-15 0.614835
7.16 1.63552e-15 1.19855
7.18 3.04364e-15 -1.14188
7.2 4.51356e-15 1.80848
7.22 3.81407e-15 2.95496
7.24 2.07833e-15 3.07017
7.26 5.93738e-15 0.355533
7.28 3.98022e-15 1.14711
7.3 2.0726e-15 -2.13701
7.32 2.17946e-15 -1.14698
7.34 1.57126e-15 0.38307
7.36 7.17075e-16 2.89323
7.38 1.01728e-15 1.00007
7.4 1.94514e-15 0.315457
7.42 1.64519e-15 2.00935
7.44 8.8216e-16 0.682615
7.46 1.18917e-15 2.35523
7.48 4.57924e-16 2.42712
7.5 4.22206e-16 2.01987
7.52 1.41983e-15 1.22438
7.54 2.00179e-15 0.0133216
7.56 3.68046e-15 -2.73313
7.58 1.9074e-15 -0.334876
7.6 1.93212e-15 -0.191041
7.62 2.58951e-15 -1.08868
7.64 1.10238e-15 -1.29849
7.66 1.02039e-15 -2.73811
7.68 1.45463e-15 -1.14337
7.7 1.12042e-15 -2.45491
7.72 1.83746e-15 0.381535
7.74 6.10172e-16 2.73274
7.76 8.23137e-16 0.76131
7.78 5.19748e-16 0.913434
7.8 2.85138e-16 -1.86304
7.82 1.36551e-15 0.332839
7.84 1.6823e-15 -0.265457
7.86 1.57687e-15 2.52
7.88 2.86687e-15 2.98198
7.9 2.60992e-15 0.22584
7.92 9.08095e-15 0.9321
7.94 4.58321e-15 -0.613817
7.96 1.35929e-14 -1.05516
7.98 4.75298e-15 -1.42196
8 7.94411e-15 3.14159
8.02 4.75298e-15 1.71964
8.04 1.69579e-14 -1.11211
8.06 5.56712e-15 -2.30903
8.08 1.07043e-14 1.33214
8.1 4.40146e-15 2.18696
8.12 3.01109e-15 1.81304
8.14 2.93354e-15 2.73136
8.16 8.31195e-16 -0.811295
8.18 1.38832e-15 0.143942
8.2 2.36566e-15 -2.89753
8.22 2.71696e-15 0.111664
8.24 2.39823e-15 3.01543
8.26 2.02394e-15 -0.329187
8.28 1.32804e-15 3.12964
8.3 7.35876e-16 -0.0453924
8.32 1.38431e-15 -0.0283802
8.34 3.6623e-15 2.62507
8.36 2.81797e-15 -0.481057
8.38 3.02483e-15 2.74587
8.4 2.29553e-15 0.0315938
8.42 4.47375e-15 -2.92804
8.44 2.19455e-15 1.22771
8.46 2.07304e-15 -1.26611
8.48 8.85405e-16 -2.77463
8.5 2.41266e-15 0.839055
8.52 2.87496e-15 2.66885
8.54 1.33403e-15 0.329101
8.56 9.34554e-16 3.10902
8.58 1.61093e-15 -0.303729
8.6 2.52458e-15 2.75343
8.62 1.7645e-15 -0.0546439
8.64 1.18348e-15 -2.91494
8.66 2.20503e-15 0.0656005
8.68 1.54468e-15 -3.05862
8.7 9.49676e-16 0.972965
8.72 1.28979e-15 -2.06833
8.74 2.68504e-15 -0.791723
8.76 3.68342e-15 1.98305
8.78 1.66085e-15 -2.18372
8.8 5.17105e-15 -0.22165
8.82 3.60588e-15 1.26675
8.84 2.33504e-15 1.31958
8.86 1.22003e-15 -1.32212
8.88 2.49773e-15 -0.915403
8.9 1.01201e-15 -2.35032
8.92 2.1434e-15 -2.4116
8.94 9.75771e-16 0.729546
8.96 6.7338e-17 -2.49042
8.98 8.10974e-16 1.2572
9 4.2167e-16 2.79215
9.02 7.63601e-16 2.14435
9.04 5.4148e-16 -0.573979
9.06 9.24522e-16 0.427738
9.08 5.43033e-16 1.02053
9.1 1.32557e-15 -3.06478
9.12 1.43404e-15 -2.31426
9.14 1.13374e-15 0.552649
9.16 2.24215e-15 2.6184
9.18 2.45458e-15 1.19045
9.2 3.69944e-16 0.609934
9.22 1.6818e-15 2.14965
9.24 3.61997e-15 1.41774
9.26 9.15409e-16 -2.06635
9.28 9.50561e-16 -3.12799
9.3 1.28307e-15 -3.0099
9.32 6.95634e-16 -0.117653
9.34 9.11061e-16 -1.35798
9.36 7.43135e-16 -2.95319
9.38 7.78293e-16 -2.8406
9.4 1.12119e-15 -0.242817
9.42 6.98526e-16 3.10044
9.44 5.13072e-16 0.781958
9.46 1.81064e-15 -2.60247
9.48 2.06302e-15 0.641797
9.5 1.29079e-15 1.90727
9.52 2.1988e-15 0.769584
9.54 2.12567e-15 2.77787
9.56 3.85612e-15 -0.210316
9.58 2.93713e-15 -1.61054
9.6 8.14636e-16 -0.928935
9.62 5.97872e-16 -2.53385
9.64 2.62626e-15 -0.555549
9.66 3.32557e-15 -1.72394
9.68 4.93127e-16 0.783128
9.7 9.58016e-16 -0.687485
9.72 1.13737e-15 3.1235
9.74 8.55454e-16 -1.4341
9.76 5.64527e-16 1.44284
9.78 1.37199e-15 -0.0709026
9.8 7.12253e-16 -2.40402
9.82 1.36599e-15 -0.396766
9.84 7.67945e-16 -2.6675
9.86 9.59844e-16 -0.724992
9.88 4.38654e-16 1.04651
9.9 1.88091e-15 -0.0666753
9.92 1.77988e-15 2.29811
9.94 2.17162e-15 -0.597674
9.96 2.2548e-15 1.07446
9.98 2.51462e-15 0.670236
10 3.46845e-15 2.44685
10.02 4.85924e-15 0.0319575
10.04 4.1651e-15 -2.73139
10.06 2.44273e-15 -0.269069
10.08 2.29851e-15 -1.66939
10.1 1.56903e-15 0.1348
10.12 1.75268e-15 -2.56423
10.14 1.97426e-15 0.121723
10.16 1.89745e-15 -2.88174
10.18 1.45559e-15 -0.154104
10.2 3.22485e-16 -3.07065
10.22 1.7666e-15 -0.163093
10.24 1.55239e-15 -2.62476
10.26 7.31763e-16 0.313303
10.28 2.10712e-15 2.91556
10.3 7.53603e-16 3.09651
10.32 2.51008e-15 -1.78476
10.34 1.44583e-15 2.57549
10.36 1.53464e-15 -3.10225
10.38 3.24486e-15 -1.37702
10.4 3.66575e-15 1.98007
10.42 3.09293e-15 0.703397
10.44 3.22646e-15 -2.12052
10.46 4.02215e-15 0.0841834
10.48 1.96909e-15 -0.128981
10.5 1.86001e-15 -1.18094
10.52 1.24513e-15 -2.76813
10.54 7.18321e-16 0.172034
10.56 2.1707e-15 -0.223542
10.58 1.47231e-15 2.79142
10.6 8.53587e-16 0.39425
10.62 5.95144e-16 -2.34947
10.64 2.1789e-16 -0.16185
10.66 1.75647e-15 -1.69056
10.68 1.66561e-16 -2.15653
10.7 1.26872e-15 0.505537
10.72 7.95722e-16 0.354301
10.74 1.11132e-15 0.0994073
10.76 6.98257e-16 -0.573671
10.78 2.19466e-15 -2.4929
10.8 2.72296e-15 -2.69312
10.82 2.8261e-15 -0.23976
10.84 1.37426e-16 -0.975022
10.86 2.11556e-15 -0.889912
10.88 1.87988e-15 2.79417
10.9 1.55341e-15 0.772004
10.92 7.86324e-16 -0.568392
10.94 1.14211e-15 -0.00528375
10.96 8.64777e-16 -2.63729
10.98 5.66782e-16 0.945513
11 1.32299e-15 2.60977
11.02 1.71459e-15 0.812687
11.04 1.78886e-16 1.87411
11.06 1.86683e-15 -0.413294
11.08 9.90677e-16 2.75549
11.1 1.19383e-15 -0.791822
11.12 4.28806e-16 -2.40259
11.14 1.90449e-15 0.175021
11.16 9.30721e-16 -0.867417
11.18 4.693e-15 1.22782
11.2 1.53529e-15 3.00203
11.22 8.20177e-16 -2.1137
11.24 3.40695e-15 -3.02953
11.26 3.84391e-15 1.36105
11.28 7.36743e-16 -2.69558
11.3 1.50361e-15 2.3657
11.32 3.08403e-15 -0.367791
11.34 2.29774e-15 2.87269
11.36 1.31532e-15 1.20252
11.38 1.69774e-15 2.86201
11.4 1.83167e-15 0.0223552
11.42 1.83351e-15 2.42487
11.44 2.68166e-16 2.58168
11.46 5.34948e-16 -0.335948
11.48 7.46157e-16 -1.05223
11.5 3.7567e-16 -0.0757351
11.52 7.36684e-16 2.16692
11.54 1.62558e-15 2.69634
11.56 1.20228e-15 -1.70493
11.58 1.44468e-15 -2.46356
11.6 2.90147e-16 -1.95094
11.62 1.09905e-15 -2.96633
11.64 2.06435e-16 0.462311
11.66 1.85143e-15 1.99806
11.68 1.42283e-15 2.93974
11.7 4.41804e-16 2.79585
11.72 6.87199e-16 -2.37267
11.74 7.49216e-16 0.448708
11.76 2.50436e-16 1.77059
11.78 1.09686e-15 -3.0279
11.8 1.23275e-15 -0.248093
11.82 2.16108e-15 2.81903
11.84 1.15349e-15 2.421
11.86 3.30759e-16 -1.20007
11.88 1.99201e-15 -1.08777
11.9 1.51164e-15 1.8472
11.92 3.11931e-15 -0.443694
11.94 6.37289e-15 -0.906264
11.96 7.03673e-15 1.31542
11.98 1.77296e-15 -1.17258
12 4.3914e-15 3.14159
12.02 8.5544e-15 -2.71646
12.04 9.59459e-15 1.04573
12.06 5.80785e-15 -0.0776096
12.08 2.37395e-15 -0.321073
12.1 2.04294e-15 1.91289
12.12 2.0484e-15 -1.75555
12.14 1.4282e-15 1.89805
12.16 1.00722e-15 2.49644
12.18 1.67931e-15 -2.82442
12.2 1.01885e-15 1.25056
12.22 1.66915e-15 -3.0504
12.24 6.56731e-16 0.332383
12.26 2.87848e-16 1.59039
12.28 8.91369e-16 0.0436547
12.3 7.99108e-16 2.55338
12.32 1.11533e-15 -0.724936
12.34 3.54503e-15 2.72814
12.36 2.13168e-16 -1.25413
12.38 2.78423e-15 -1.22325
12.4 2.01047e-15 -2.46654
12.42 1.02865e-15 2.69215
12.44 3.09349e-15 0.0970096
12.46 2.23951e-15 0.389814
12.48 3.68735e-16 -0.149966
12.5 1.32467e-15 0.71291
12.52 7.57462e-16 0.353008
12.54 9.82143e-16 2.28625
12.56 5.73959e-16 -2.1722
12.58 3.53099e-16 0.786762
12.6 9.49944e-16 3.03189
12.62 1.06063e-15 0.851842
12.64 1.5797e-15 -2.24665
12.66 2.09765e-15 1.26114
12.68 3.15932e-15 -2.83727
12.7 1.48034e-15 -2.12799
12.72 1.70902e-15 3.07741
12.74 2.71612e-15 0.881925
12.76 1.26597e-15 1.38941
12.78 2.28248e-15 0.291647
12.8 7.56828e-16 -0.652885
12.82 3.44787e-15 3.03732
12.84 1.33916e-15 -0.350884
12.86 9.85376e-16 -1.29582
12.88 1.58575e-15 -0.41667
12.9 6.81971e-16 2.52635
12.92 5.82892e-16 -1.42957
12.94 1.35658e-15 -0.0256901
12.96 1.79394e-15 -3.09019
12.98 1.88747e-15 0.870818
13 1.95694e-15 2.59473
13.02 1.78951e-15 0.830399
13.04 4.01552e-16 3.0795
13.06 1.89474e-15 -0.333453
13.08 1.06718e-15 -3.13153
13.1 9.24599e-16 1.53449
13.12 1.43306e-15 1.72899
13.14 1.93352e-15 0.16714
13.16 2.77825e-15 -2.67573
13.18 4.62209e-16 2.95937
13.2 1.80796e-16 1.61855
13.22 1.13497e-16 1.99183
13.24 1.38436e-15 -2.80918
13.26 1.85455e-15 2.02497
13.28 2.05814e-15 1.2798
13.3 1.19547e-15 1.89018
13.32 5.96016e-16 -0.55017
13.34 9.54592e-16 0.429302
13.36 1.45961e-16 -2.94284
13.38 7.26808e-16 -0.813072
13.4 1.05043e-15 -2.98785
13.42 5.03624e-16 -0.14078
13.44 3.96806e-16 -1.88658
13.46 5.65139e-16 -0.723483
13.48 2.60252e-15 2.76479
13.5 1.35962e-15 -1.17002
13.52 3.22461e-15 1.34796
13.54 2.79565e-15 1.59388
13.56 2.47701e-15 3.0252
13.58 1.91204e-15 -1.60986
13.6 2.3808e-15 0.517477
13.62 1.00045e-15 -1.8484
13.64 6.65174e-15 2.72068
13.66 5.85093e-16 -1.97048
13.68 2.26815e-15 -1.57626
13.7 1.93581e-15 -3.139
13.72 1.43498e-15 0.176153
13.74 1.00262e-15 1.95777
13.76 1.38363e-15 2.94618
13.78 4.98198e-16 -0.933221
13.8 4.6154e-16 0.239662
13.82 1.00128e-15 -3.11963
13.84 9.78463e-16 -2.14947
13.86 1.6127e-15 2.49052
13.88 1.43135e-15 -0.199326
13.9 1.8839e-15 2.83297
13.92 7.6043e-16 -1.81227
13.94 2.97606e-15 -3.03869
13.96 3.72819e-15 -0.587827
13.98 3.45252e-15 -2.93092
14 2.10187e-15 -0.413573
14.02 3.5024e-15 2.69592
14.04 3.32692e-15 -0.154962
14.06 2.6472e-15 -3.09053
14.08 1.77415e-15 -0.787713
14.1 1.19964e-15 -2.50996
14.12 2.468e-15 0.330221
14.14 7.32275e-16 -1.82431
14.16 1.25041e-15 0.110839
14.18 2.68388e-16 -2.36986
14.2 7.62274e-16 0.214024
14.22 9.58619e-16 -2.02326
14.24 1.88133e-15 0.24952
14.26 1.5469e-16 2.59137
14.28 9.22948e-16 0.501378
14.3 3.6485e-16 1.91526
14.32 2.46414e-15 -1.07964
14.34 2.27216e-15 2.63042
14.36 2.85176e-15 0.817714
14.38 8.3764e-16 2.10474
14.4 2.58328e-15 2.14198
14.42 6.91519e-16 -2.91963
14.44 2.76288e-15 -1.68036
14.46 4.53721e-15 1.66634
14.48 1.98127e-15 -0.0963164
14.5 8.51203e-16 -1.11699
14.52 4.61474e-16 -0.454844
14.54 1.34304e-15 1.89168
14.56 9.0295e-16 -0.223666
14.58 4.57353e-16 2.64799
14.6 1.33333e-16 1.48728
14.62 3.99714e-16 0.624501
14.64 2.84728e-16 1.33709
14.66 6.22547e-16 1.42221
14.68 2.43757e-15 -0.507881
14.7 6.62517e-16 -1.45081
14.72 6.72409e-16 0.53529
14.74 2.56966e-16 -2.1436
14.76 1.35626e-15 -0.431674
14.78 1.21381e-15 2.44926
14.8 1.3699e-15 -0.125709
14.82 3.49197e-15 2.07718
14.84 1.59843e-15 0.669279
14.86 3.10639e-15 2.32106
14.88 1.77027e-15 -0.320673
14.9 1.60389e-15 -3.10139
14.92 1.19509e-15 -1.74755
14.94 1.59742e-15 -2.80558
14.96 6.54965e-16 -0.641372
14.98 5.81428e-16 -0.910982
15 9.7284e-17 0.731288
15.02 7.68041e-16 -1.00116
15.04 9.85301e-16 -2.95339
15.06 1.01993e-15 -0.565032
15.08 1.43981e-15 -1.90623
15.1 6.90975e-16 -0.755424
15.12 2.44635e-15 -2.61996
15.14 1.63583e-15 0.192999
15.16 1.42271e-15 3.04977
15.18 1.68165e-15 -1.65659
15.2 4.05355e-15 2.84591
15.22 4.91927e-15 0.470954
15.24 3.85384e-15 0.843423
15.26 1.6188e-15 -2.36382
15.28 6.16535e-16 3.10478
15.3 1.6484e-16 0.638725
15.32 1.76979e-15 0.908241
15.34 2.27918e-15 2.31608
15.36 6.69476e-16 3.08049
15.38 2.29437e-15 2.79535
15.4 2.52001e-15 0.0746598
15.42 1.71812e-15 2.56249
15.44 1.20739e-15 0.0999118
15.46 1.02844e-15 2.67463
15.48 1.3008e-16 -2.38705
15.5 9.04397e-16 -3.06476
15.52 1.28583e-15 -1.61599
15.54 2.31947e-15 3.13942
15.56 1.36604e-15 1.82269
15.58 1.37441e-15 0.0826618
15.6 4.24805e-16 0.997422
15.62 1.50526e-15 0.567196
15.64 3.99792e-15 2.39568
15.66 1.54055e-15 -0.191972
15.68 2.05984e-15 -3.07
15.7 1.46078e-15 -1.50319
15.72 7.73478e-16 -2.50505
15.74 1.05942e-15 1.66105
15.76 1.0732e-15 -2.49566
15.78 1.30087e-15 1.49986
15.8 4.78179e-16 -0.460676
15.82 2.2903e-15 0.61403
15.84 5.00819e-15 3.06517
15.86 2.86023e-15 -0.360323
15.88 3.64063e-15 2.75817
15.9 4.34447e-15 -1.37564
15.92 6.18443e-15 2.54728
15.94 7.66471e-15 -1.1309
15.96 5.6586e-15 -0.745705
15.98 2.65832e-15 1.75098
16 7.94411e-15 0
16.02 2.65832e-15 -1.39062
16.04 1.63288e-14 -0.907497
16.06 4.27354e-15 2.43993
16.08 3.38246e-15 -2.55665
16.1 2.63402e-15 -1.89636
16.12 7.47413e-16 1.8091
16.14 2.7013e-15 -1.07062
16.16 1.50936e-15 2.09452
16.18 1.62094e-15 1.05988
16.2 3.54559e-16 -1.06104
16.22 7.17397e-16 -0.905423
16.24 1.58299e-15 0.598323
16.26 5.0847e-16 -1.64687
16.28 1.03494e-15 -1.93227
16.3 9.75957e-16 2.27714
16.32 2.52177e-15 -0.758602
16.34 1.57899e-15 0.777043
16.36 2.48968e-15 -2.77981
16.38 2.06542e-15 0.194325
16.4 2.1415e-15 -2.65269
16.42 5.70659e-16 -0.139564
16.44 2.37512e-15 3.13852
16.46 2.88632e-15 -0.190537
16.48 7.40511e-16 2.75521
16.5 1.93939e-15 0.00735805
16.52 1.34574e-15 -2.4504
16.54 8.16931e-16 -0.270876
16.56 1.177e-15 -3.02224
16.58 6.15499e-16 -2.98046
16.6 1.56513e-15 2.68863
16.62 5.54531e-16 1.51966
16.64 1.52504e-15 -2.98872
16.66 1.48661e-15 -0.430233
16.68 2.29415e-15 -1.79376
16.7 7.55204e-16 -2.30454
16.72 3.74073e-15 -0.4592
16.74 1.19914e-15 -1.07758
16.76 3.046e-15 2.88507
16.78 2.40299e-15 2.69419
16.8 4.84158e-15 3.00974
16.82 3.14144e-15 0.990092
16.84 1.08434e-15 -2.56011
16.86 2.2204e-15 2.27476
16.88 1.77111e-15 -2.66668
16.9 1.59146e-15 1.18928
16.92 4.19694e-16 0.796179
16.94 7.17564e-16 -0.82431
16.96 4.81971e-16 -2.17671
16.98 1.83991e-15 -2.73395
17 1.53818e-15 -2.86376
17.02 5.2944e-16 -2.36958
17.04 9.8307e-16 -1.61329
17.06 7.10765e-16 -0.231342
17.08 1.72347e-15 -1.99129
17.1 1.33132e-15 1.4969
17.12 1.20798e-15 -0.748069
17.14 7.22218e-16 -0.298793
17.16 2.82885e-15 -2.11401
17.18 1.68122e-15 -1.46571
17.2 9.83234e-16 0.0692737
17.22 3.39422e-15 2.87443
17.24 5.14566e-15 2.92197
17.26 3.26712e-16 -0.260759
17.28 8.72368e-16 -1.22211
17.3 1.54912e-15 0.740277
17.32 2.09348e-15 -3.06744
17.34 1.11585e-15 -0.845403
17.36 1.15558e-15 2.83197
17.38 2.35769e-16 -2.24579
17.4 6.96271e-16 -3.08858
17.42 1.50436e-15 2.463
17.44 8.50004e-16 2.30387
17.46 4.1553e-16 1.50362
17.48 1.812e-15 2.43314
17.5 1.18061e-15 -1.27478
17.52 1.21106e-15 2.86542
17.54 1.66639e-15 1.07742
17.56 2.68915e-15 1.02103
17.58 2.40993e-15 -1.45576
17.6 6.81465e-15 2.86283
17.62 2.1659e-15 -1.32552
17.64 2.16484e-16 -0.995968
17.66 2.75957e-15 -1.599
17.68 1.87997e-15 2.33834
17.7 1.45683e-15 -2.77723
17.72 1.33157e-15 2.71542
17.74 5.50377e-16 -0.815423
17.76 1.33587e-15 3.09503
17.78 1.27843e-15 -1.12235
17.8 1.34506e-15 0.424395
17.82 1.10291e-15 -1.67308
17.84 1.11924e-15 -2.88741
17.86 1.18246e-15 -1.70702
17.88 1.18063e-15 0.476166
17.9 8.67028e-16 1.42065
17.92 2.59806e-15 2.96233
17.94 2.1634e-15 -2.04278
17.96 1.81767e-15 1.14777
17.98 1.11522e-15 -0.37
18 1.40592e-15 -0.380439
18.02 2.1142e-15 0.31912
18.04 3.45558e-15 1.25133
18.06 8.93436e-16 0.365129
18.08 2.11883e-15 -1.52383
18.1 1.13517e-15 2.79666
18.12 1.89949e-15 0.189396
18.14 2.20557e-15 -3.05076
18.16 2.69037e-15 -0.0383417
18.18 1.70798e-15 -2.71967
18.2 1.31125e-15 0.00455396
18.22 1.84866e-15 -2.47769
18.24 3.7042e-15 0.154583
18.26 1.62484e-16 0.828221
18.28 7.84608e-16 0.96429
18.3 1.03177e-15 2.79758
18.32 1.49789e-15 -0.835435
18.34 2.81013e-15 0.129124
18.36 8.22122e-16 -2.89914
18.38 6.17603e-15 0.888584
18.4 6.535e-15 1.50108
18.42 3.85997e-15 -1.55069
18.44 4.06865e-15 2.20234
18.46 3.08557e-15 1.46428
18.48 1.53182e-15 -0.706483
18.5 2.5857e-15 -2.17538
18.52 1.68406e-15 1.12543
18.54 1.46012e-15 -2.49152
18.56 9.0378e-16 -1.01494
18.58 1.31334e-15 2.9277
18.6 1.43076e-15 -0.433585
18.62 1.83187e-15 2.6099
18.64 2.39475e-16 0.185856
18.66 1.13053e-15 -2.68981
18.68 1.85945e-15 -0.745016
18.7 1.72605e-16 0.308309
18.72 4.44181e-16 2.66708
18.74 2.04893e-15 0.130364
18.76 2.79189e-15 2.19602
18.78 4.13706e-15 -0.200956
18.8 4.23799e-15 -3.08293
18.82 2.82357e-15 0.511872
18.84 2.10422e-15 -0.0770987
18.86 1.59821e-15 1.42272
18.88 1.44379e-15 1.53427
18.9 1.07788e-15 2.07055
18.92 1.73432e-15 -2.69875
18.94 4.06158e-16 -0.544917
18.96 7.74435e-16 -1.5716
18.98 4.14183e-16 -0.509992
19 1.15173e-15 3.11165
19.02 3.14806e-16 -2.18488
19.04 5.64882e-16 -1.72236
19.06 1.91128e-15 1.50983
19.08 1.04662e-15 -0.311925
19.1 2.46836e-15 -2.88616
19.12 4.32149e-15 1.11649
19.14 3.99153e-15 1.38545
19.16 2.49936e-15 -2.52799
19.18 2.81705e-15 -3.03128
19.2 5.52929e-15 0.542529
19.22 4.99032e-15 2.69252
19.24 3.87663e-15 -0.195316
19.26 2.7657e-15 -2.83948
19.28 5.35461e-15 -1.63398
19.3 3.48784e-15 2.04966
19.32 6.72787e-16 -0.168039
19.34 1.62012e-15 2.76545
19.36 2.47942e-16 0.46348
19.38 1.51275e-15 -2.05052
19.4 3.08161e-16 -1.94651
19.42 2.84284e-15 -2.02594
19.44 2.70978e-16 2.82265
19.46 6.3971e-16 -3.049
19.48 1.31264e-15 2.22647
19.5 3.32446e-15 1.68694
19.52 1.89791e-15 -2.31704
19.54 3.90938e-15 1.99608
19.56 5.01908e-15 0.159037
19.58 6.52659e-15 1.53324
19.6 1.14203e-15 -1.91831
19.62 2.16308e-15 1.29686
19.64 2.69772e-15 1.17653
19.66 2.81917e-15 -0.553487
19.68 4.03686e-15 -0.871725
19.7 2.50616e-15 1.65257
19.72 2.18591e-15 -1.25112
19.74 2.74905e-15 -2.2343
19.76 9.1238e-16 0.42112
19.78 1.33863e-15 -2.71968
19.8 1.12957e-16 2.95624
19.82 1.10195e-15 -2.50817
19.84 3.76457e-15 0.59925
19.86 2.15566e-15 -2.53931
19.88 9.03656e-16 0.185348
19.9 3.20237e-15 2.1588
19.92 6.78691e-15 -1.30598
19.94 1.07095e-14 -1.90894
19.96 7.55976e-15 -2.79314
19.98 5.52078e-15 -2.26988
20 1.42109e-14 3.14159
