-50 0.507185
-49.975 0.507529
-49.95 0.507874
-49.925 0.508218
-49.9 0.508563
-49.875 0.508907
-49.85 0.509252
-49.825 0.509596
-49.8 0.509941
-49.775 0.510286
-49.75 0.510631
-49.725 0.510976
-49.7 0.511321
-49.675 0.511666
-49.65 0.512011
-49.625 0.512356
-49.6 0.512702
-49.575 0.513047
-49.55 0.513392
-49.525 0.513738
-49.5 0.514083
-49.475 0.514429
-49.45 0.514774
-49.425 0.51512
-49.4 0.515466
-49.375 0.515811
-49.35 0.516157
-49.325 0.516503
-49.3 0.516849
-49.275 0.517195
-49.25 0.517541
-49.225 0.517887
-49.2 0.518233
-49.175 0.51858
-49.15 0.518926
-49.125 0.519272
-49.1 0.519619
-49.075 0.519965
-49.05 0.520312
-49.025 0.520658
-49 0.521005
-48.975 0.521351
-48.95 0.521698
-48.925 0.522045
-48.9 0.522392
-48.875 0.522738
-48.85 0.523085
-48.825 0.523432
-48.8 0.523779
-48.775 0.524126
-48.75 0.524474
-48.725 0.524821
-48.7 0.525168
-48.675 0.525515
-48.65 0.525863
-48.625 0.52621
-48.6 0.526557
-48.575 0.526905
-48.55 0.527252
-48.525 0.5276
-48.5 0.527948
-48.475 0.528295
-48.45 0.528643
-48.425 0.528991
-48.4 0.529339
-48.375 0.529687
-48.35 0.530035
-48.325 0.530382
-48.3 0.530731
-48.275 0.531079
-48.25 0.531427
-48.225 0.531775
-48.2 0.532123
-48.175 0.532471
-48.15 0.53282
-48.125 0.533168
-48.1 0.533516
-48.075 0.533865
-48.05 0.534213
-48.025 0.534562
-48 0.534911
-47.975 0.535259
-47.95 0.535608
-47.925 0.535957
-47.9 0.536305
-47.875 0.536654
-47.85 0.537003
-47.825 0.537352
-47.8 0.537701
-47.775 0.53805
-47.75 0.538399
-47.725 0.538748
-47.7 0.539097
-47.675 0.539446
-47.65 0.539796
-47.625 0.540145
-47.6 0.540494
-47.575 0.540843
-47.55 0.541193
-47.525 0.541542
-47.5 0.541892
-47.475 0.542241
-47.45 0.542591
-47.425 0.54294
-47.4 0.54329
-47.375 0.54364
-47.35 0.543989
-47.325 0.544339
-47.3 0.544689
-47.275 0.545039
-47.25 0.545389
-47.225 0.545738
-47.2 0.546088
-47.175 0.546438
-47.15 0.546788
-47.125 0.547139
-47.1 0.547489
-47.075 0.547839
-47.05 0.548189
-47.025 0.548539
-47 0.548889
-46.975 0.54924
-46.95 0.54959
-46.925 0.54994
-46.9 0.550291
-46.875 0.550641
-46.85 0.550992
-46.825 0.551342
-46.8 0.551693
-46.775 0.552043
-46.75 0.552394
-46.725 0.552745
-46.7 0.553095
-46.675 0.553446
-46.65 0.553797
-46.625 0.554148
-46.6 0.554498
-46.575 0.554849
-46.55 0.5552
-46.525 0.555551
-46.5 0.555902
-46.475 0.556253
-46.45 0.556604
-46.425 0.556955
-46.4 0.557306
-46.375 0.557657
-46.35 0.558008
-46.325 0.55836
-46.3 0.558711
-46.275 0.559062
-46.25 0.559413
-46.225 0.559765
-46.2 0.560116
-46.175 0.560467
-46.15 0.560819
-46.125 0.56117
-46.1 0.561522
-46.075 0.561873
-46.05 0.562225
-46.025 0.562576
-46 0.562928
-45.975 0.563279
-45.95 0.563631
-45.925 0.563983
-45.9 0.564334
-45.875 0.564686
-45.85 0.565038
-45.825 0.56539
-45.8 0.565741
-45.775 0.566093
-45.75 0.566445
-45.725 0.566797
-45.7 0.567149
-45.675 0.567501
-45.65 0.567853
-45.625 0.568205
-45.6 0.568557
-45.575 0.568909
-45.55 0.569261
-45.525 0.569613
-45.5 0.569965
-45.475 0.570317
-45.45 0.570669
-45.425 0.571021
-45.4 0.571374
-45.375 0.571726
-45.35 0.572078
-45.325 0.57243
-45.3 0.572783
-45.275 0.573135
-45.25 0.573487
-45.225 0.57384
-45.2 0.574192
-45.175 0.574544
-45.15 0.574897
-45.125 0.575249
-45.1 0.575602
-45.075 0.575954
-45.05 0.576307
-45.025 0.576659
-45 0.577012
-44.975 0.577364
-44.95 0.577717
-44.925 0.578069
-44.9 0.578422
-44.875 0.578775
-44.85 0.579127
-44.825 0.57948
-44.8 0.579833
-44.775 0.580185
-44.75 0.580538
-44.725 0.580891
-44.7 0.581244
-44.675 0.581596
-44.65 0.581949
-44.625 0.582302
-44.6 0.582655
-44.575 0.583008
-44.55 0.583361
-44.525 0.583713
-44.5 0.584066
-44.475 0.584419
-44.45 0.584772
-44.425 0.585125
-44.4 0.585478
-44.375 0.585831
-44.35 0.586184
-44.325 0.586537
-44.3 0.58689
-44.275 0.587243
-44.25 0.587596
-44.225 0.587949
-44.2 0.588302
-44.175 0.588655
-44.15 0.589008
-44.125 0.589361
-44.1 0.589714
-44.075 0.590067
-44.05 0.590421
-44.025 0.590774
-44 0.591127
-43.975 0.59148
-43.95 0.591833
-43.925 0.592186
-43.9 0.59254
-43.875 0.592893
-43.85 0.593246
-43.825 0.593599
-43.8 0.593952
-43.775 0.594306
-43.75 0.594659
-43.725 0.595012
-43.7 0.595365
-43.675 0.595719
-43.65 0.596072
-43.625 0.596425
-43.6 0.596778
-43.575 0.597132
-43.55 0.597485
-43.525 0.597838
-43.5 0.598192
-43.475 0.598545
-43.45 0.598898
-43.425 0.599252
-43.4 0.599605
-43.375 0.599958
-43.35 0.600311
-43.325 0.600665
-43.3 0.601018
-43.275 0.601372
-43.25 0.601725
-43.225 0.602078
-43.2 0.602432
-43.175 0.602785
-43.15 0.603138
-43.125 0.603492
-43.1 0.603845
-43.075 0.604198
-43.05 0.604552
-43.025 0.604905
-43 0.605259
-42.975 0.605612
-42.95 0.605965
-42.925 0.606319
-42.9 0.606672
-42.875 0.607025
-42.85 0.607379
-42.825 0.607732
-42.8 0.608086
-42.775 0.608439
-42.75 0.608792
-42.725 0.609146
-42.7 0.609499
-42.675 0.609852
-42.65 0.610206
-42.625 0.610559
-42.6 0.610912
-42.575 0.611266
-42.55 0.611619
-42.525 0.611972
-42.5 0.612326
-42.475 0.612679
-42.45 0.613032
-42.425 0.613386
-42.4 0.613739
-42.375 0.614092
-42.35 0.614446
-42.325 0.614799
-42.3 0.615152
-42.275 0.615506
-42.25 0.615859
-42.225 0.616212
-42.2 0.616566
-42.175 0.616919
-42.15 0.617272
-42.125 0.617625
-42.1 0.617979
-42.075 0.618332
-42.05 0.618685
-42.025 0.619038
-42 0.619392
-41.975 0.619745
-41.95 0.620098
-41.925 0.620451
-41.9 0.620804
-41.875 0.621157
-41.85 0.621511
-41.825 0.621864
-41.8 0.622217
-41.775 0.62257
-41.75 0.622923
-41.725 0.623276
-41.7 0.623629
-41.675 0.623982
-41.65 0.624336
-41.625 0.624689
-41.6 0.625042
-41.575 0.625395
-41.55 0.625748
-41.525 0.626101
-41.5 0.626454
-41.475 0.626807
-41.45 0.62716
-41.425 0.627513
-41.4 0.627866
-41.375 0.628218
-41.35 0.628571
-41.325 0.628924
-41.3 0.629277
-41.275 0.62963
-41.25 0.629983
-41.225 0.630336
-41.2 0.630689
-41.175 0.631041
-41.15 0.631394
-41.125 0.631747
-41.1 0.6321
-41.075 0.632452
-41.05 0.632805
-41.025 0.633158
-41 0.63351
-40.975 0.633863
-40.95 0.634216
-40.925 0.634568
-40.9 0.634921
-40.875 0.635273
-40.85 0.635626
-40.825 0.635979
-40.8 0.636331
-40.775 0.636684
-40.75 0.637036
-40.725 0.637389
-40.7 0.637741
-40.675 0.638093
-40.65 0.638446
-40.625 0.638798
-40.6 0.63915
-40.575 0.639503
-40.55 0.639855
-40.525 0.640207
-40.5 0.64056
-40.475 0.640912
-40.45 0.641264
-40.425 0.641616
-40.4 0.641968
-40.375 0.64232
-40.35 0.642673
-40.325 0.643025
-40.3 0.643377
-40.275 0.643729
-40.25 0.644081
-40.225 0.644433
-40.2 0.644785
-40.175 0.645137
-40.15 0.645488
-40.125 0.64584
-40.1 0.646192
-40.075 0.646544
-40.05 0.646896
-40.025 0.647248
-40 0.647599
-39.975 0.647951
-39.95 0.648303
-39.925 0.648654
-39.9 0.649006
-39.875 0.649357
-39.85 0.649709
-39.825 0.650061
-39.8 0.650412
-39.775 0.650764
-39.75 0.651115
-39.725 0.651466
-39.7 0.651818
-39.675 0.652169
-39.65 0.65252
-39.625 0.652872
-39.6 0.653223
-39.575 0.653574
-39.55 0.653925
-39.525 0.654276
-39.5 0.654627
-39.475 0.654979
-39.45 0.65533
-39.425 0.655681
-39.4 0.656032
-39.375 0.656382
-39.35 0.656733
-39.325 0.657084
-39.3 0.657435
-39.275 0.657786
-39.25 0.658137
-39.225 0.658487
-39.2 0.658838
-39.175 0.659189
-39.15 0.659539
-39.125 0.65989
-39.1 0.66024
-39.075 0.660591
-39.05 0.660941
-39.025 0.661292
-39 0.661642
-38.975 0.661992
-38.95 0.662343
-38.925 0.662693
-38.9 0.663043
-38.875 0.663393
-38.85 0.663743
-38.825 0.664094
-38.8 0.664444
-38.775 0.664794
-38.75 0.665144
-38.725 0.665494
-38.7 0.665843
-38.675 0.666193
-38.65 0.666543
-38.625 0.666893
-38.6 0.667243
-38.575 0.667592
-38.55 0.667942
-38.525 0.668291
-38.5 0.668641
-38.475 0.668991
-38.45 0.66934
-38.425 0.669689
-38.4 0.670039
-38.375 0.670388
-38.35 0.670737
-38.325 0.671087
-38.3 0.671436
-38.275 0.671785
-38.25 0.672134
-38.225 0.672483
-38.2 0.672832
-38.175 0.673181
-38.15 0.67353
-38.125 0.673879
-38.1 0.674228
-38.075 0.674576
-38.05 0.674925
-38.025 0.675274
-38 0.675622
-37.975 0.675971
-37.95 0.676319
-37.925 0.676668
-37.9 0.677016
-37.875 0.677365
-37.85 0.677713
-37.825 0.678061
-37.8 0.678409
-37.775 0.678758
-37.75 0.679106
-37.725 0.679454
-37.7 0.679802
-37.675 0.68015
-37.65 0.680498
-37.625 0.680845
-37.6 0.681193
-37.575 0.681541
-37.55 0.681889
-37.525 0.682236
-37.5 0.682584
-37.475 0.682931
-37.45 0.683279
-37.425 0.683626
-37.4 0.683974
-37.375 0.684321
-37.35 0.684668
-37.325 0.685015
-37.3 0.685362
-37.275 0.685709
-37.25 0.686056
-37.225 0.686403
-37.2 0.68675
-37.175 0.687097
-37.15 0.687444
-37.125 0.687791
-37.1 0.688137
-37.075 0.688484
-37.05 0.68883
-37.025 0.689177
-37 0.689523
-36.975 0.68987
-36.95 0.690216
-36.925 0.690562
-36.9 0.690908
-36.875 0.691255
-36.85 0.691601
-36.825 0.691947
-36.8 0.692293
-36.775 0.692638
-36.75 0.692984
-36.725 0.69333
-36.7 0.693676
-36.675 0.694021
-36.65 0.694367
-36.625 0.694712
-36.6 0.695058
-36.575 0.695403
-36.55 0.695749
-36.525 0.696094
-36.5 0.696439
-36.475 0.696784
-36.45 0.697129
-36.425 0.697474
-36.4 0.697819
-36.375 0.698164
-36.35 0.698509
-36.325 0.698853
-36.3 0.699198
-36.275 0.699543
-36.25 0.699887
-36.225 0.700232
-36.2 0.700576
-36.175 0.70092
-36.15 0.701264
-36.125 0.701609
-36.1 0.701953
-36.075 0.702297
-36.05 0.702641
-36.025 0.702985
-36 0.703328
-35.975 0.703672
-35.95 0.704016
-35.925 0.704359
-35.9 0.704703
-35.875 0.705046
-35.85 0.70539
-35.825 0.705733
-35.8 0.706076
-35.775 0.70642
-35.75 0.706763
-35.725 0.707106
-35.7 0.707449
-35.675 0.707791
-35.65 0.708134
-35.625 0.708477
-35.6 0.70882
-35.575 0.709162
-35.55 0.709505
-35.525 0.709847
-35.5 0.71019
-35.475 0.710532
-35.45 0.710874
-35.425 0.711216
-35.4 0.711558
-35.375 0.7119
-35.35 0.712242
-35.325 0.712584
-35.3 0.712926
-35.275 0.713267
-35.25 0.713609
-35.225 0.71395
-35.2 0.714292
-35.175 0.714633
-35.15 0.714974
-35.125 0.715316
-35.1 0.715657
-35.075 0.715998
-35.05 0.716339
-35.025 0.716679
-35 0.71702
-34.975 0.717361
-34.95 0.717702
-34.925 0.718042
-34.9 0.718383
-34.875 0.718723
-34.85 0.719063
-34.825 0.719403
-34.8 0.719744
-34.775 0.720084
-34.75 0.720424
-34.725 0.720763
-34.7 0.721103
-34.675 0.721443
-34.65 0.721783
-34.625 0.722122
-34.6 0.722461
-34.575 0.722801
-34.55 0.72314
-34.525 0.723479
-34.5 0.723818
-34.475 0.724157
-34.45 0.724496
-34.425 0.724835
-34.4 0.725174
-34.375 0.725513
-34.35 0.725851
-34.325 0.72619
-34.3 0.726528
-34.275 0.726866
-34.25 0.727205
-34.225 0.727543
-34.2 0.727881
-34.175 0.728219
-34.15 0.728557
-34.125 0.728894
-34.1 0.729232
-34.075 0.72957
-34.05 0.729907
-34.025 0.730244
-34 0.730582
-33.975 0.730919
-33.95 0.731256
-33.925 0.731593
-33.9 0.73193
-33.875 0.732267
-33.85 0.732604
-33.825 0.73294
-33.8 0.733277
-33.775 0.733613
-33.75 0.73395
-33.725 0.734286
-33.7 0.734622
-33.675 0.734958
-33.65 0.735294
-33.625 0.73563
-33.6 0.735966
-33.575 0.736302
-33.55 0.736637
-33.525 0.736973
-33.5 0.737308
-33.475 0.737644
-33.45 0.737979
-33.425 0.738314
-33.4 0.738649
-33.375 0.738984
-33.35 0.739319
-33.325 0.739653
-33.3 0.739988
-33.275 0.740323
-33.25 0.740657
-33.225 0.740991
-33.2 0.741326
-33.175 0.74166
-33.15 0.741994
-33.125 0.742328
-33.1 0.742661
-33.075 0.742995
-33.05 0.743329
-33.025 0.743662
-33 0.743996
-32.975 0.744329
-32.95 0.744662
-32.925 0.744995
-32.9 0.745328
-32.875 0.745661
-32.85 0.745994
-32.825 0.746327
-32.8 0.746659
-32.775 0.746992
-32.75 0.747324
-32.725 0.747656
-32.7 0.747988
-32.675 0.74832
-32.65 0.748652
-32.625 0.748984
-32.6 0.749316
-32.575 0.749648
-32.55 0.749979
-32.525 0.75031
-32.5 0.750642
-32.475 0.750973
-32.45 0.751304
-32.425 0.751635
-32.4 0.751966
-32.375 0.752297
-32.35 0.752627
-32.325 0.752958
-32.3 0.753288
-32.275 0.753618
-32.25 0.753949
-32.225 0.754279
-32.2 0.754609
-32.175 0.754939
-32.15 0.755268
-32.125 0.755598
-32.1 0.755927
-32.075 0.756257
-32.05 0.756586
-32.025 0.756915
-32 0.757244
-31.975 0.757573
-31.95 0.757902
-31.925 0.758231
-31.9 0.75856
-31.875 0.758888
-31.85 0.759216
-31.825 0.759545
-31.8 0.759873
-31.775 0.760201
-31.75 0.760529
-31.725 0.760857
-31.7 0.761184
-31.675 0.761512
-31.65 0.761839
-31.625 0.762167
-31.6 0.762494
-31.575 0.762821
-31.55 0.763148
-31.525 0.763475
-31.5 0.763801
-31.475 0.764128
-31.45 0.764455
-31.425 0.764781
-31.4 0.765107
-31.375 0.765433
-31.35 0.765759
-31.325 0.766085
-31.3 0.766411
-31.275 0.766737
-31.25 0.767062
-31.225 0.767388
-31.2 0.767713
-31.175 0.768038
-31.15 0.768363
-31.125 0.768688
-31.1 0.769013
-31.075 0.769337
-31.05 0.769662
-31.025 0.769986
-31 0.770311
-30.975 0.770635
-30.95 0.770959
-30.925 0.771283
-30.9 0.771607
-30.875 0.77193
-30.85 0.772254
-30.825 0.772577
-30.8 0.7729
-30.775 0.773224
-30.75 0.773547
-30.725 0.773869
-30.7 0.774192
-30.675 0.774515
-30.65 0.774837
-30.625 0.77516
-30.6 0.775482
-30.575 0.775804
-30.55 0.776126
-30.525 0.776448
-30.5 0.77677
-30.475 0.777091
-30.45 0.777413
-30.425 0.777734
-30.4 0.778055
-30.375 0.778377
-30.35 0.778697
-30.325 0.779018
-30.3 0.779339
-30.275 0.77966
-30.25 0.77998
-30.225 0.7803
-30.2 0.78062
-30.175 0.78094
-30.15 0.78126
-30.125 0.78158
-30.1 0.7819
-30.075 0.782219
-30.05 0.782539
-30.025 0.782858
-30 0.783177
-29.975 0.783496
-29.95 0.783815
-29.925 0.784133
-29.9 0.784452
-29.875 0.78477
-29.85 0.785088
-29.825 0.785407
-29.8 0.785725
-29.775 0.786042
-29.75 0.78636
-29.725 0.786678
-29.7 0.786995
-29.675 0.787312
-29.65 0.78763
-29.625 0.787947
-29.6 0.788263
-29.575 0.78858
-29.55 0.788897
-29.525 0.789213
-29.5 0.789529
-29.475 0.789846
-29.45 0.790162
-29.425 0.790478
-29.4 0.790793
-29.375 0.791109
-29.35 0.791424
-29.325 0.79174
-29.3 0.792055
-29.275 0.79237
-29.25 0.792685
-29.225 0.792999
-29.2 0.793314
-29.175 0.793629
-29.15 0.793943
-29.125 0.794257
-29.1 0.794571
-29.075 0.794885
-29.05 0.795199
-29.025 0.795512
-29 0.795826
-28.975 0.796139
-28.95 0.796452
-28.925 0.796765
-28.9 0.797078
-28.875 0.797391
-28.85 0.797703
-28.825 0.798015
-28.8 0.798328
-28.775 0.79864
-28.75 0.798952
-28.725 0.799264
-28.7 0.799575
-28.675 0.799887
-28.65 0.800198
-28.625 0.800509
-28.6 0.80082
-28.575 0.801131
-28.55 0.801442
-28.525 0.801753
-28.5 0.802063
-28.475 0.802373
-28.45 0.802683
-28.425 0.802993
-28.4 0.803303
-28.375 0.803613
-28.35 0.803922
-28.325 0.804232
-28.3 0.804541
-28.275 0.80485
-28.25 0.805159
-28.225 0.805468
-28.2 0.805776
-28.175 0.806085
-28.15 0.806393
-28.125 0.806701
-28.1 0.807009
-28.075 0.807317
-28.05 0.807625
-28.025 0.807932
-28 0.80824
-27.975 0.808547
-27.95 0.808854
-27.925 0.809161
-27.9 0.809467
-27.875 0.809774
-27.85 0.81008
-27.825 0.810387
-27.8 0.810693
-27.775 0.810999
-27.75 0.811304
-27.725 0.81161
-27.7 0.811915
-27.675 0.812221
-27.65 0.812526
-27.625 0.812831
-27.6 0.813136
-27.575 0.81344
-27.55 0.813745
-27.525 0.814049
-27.5 0.814353
-27.475 0.814657
-27.45 0.814961
-27.425 0.815265
-27.4 0.815568
-27.375 0.815871
-27.35 0.816175
-27.325 0.816478
-27.3 0.81678
-27.275 0.817083
-27.25 0.817386
-27.225 0.817688
-27.2 0.81799
-27.175 0.818292
-27.15 0.818594
-27.125 0.818896
-27.1 0.819197
-27.075 0.819499
-27.05 0.8198
-27.025 0.820101
-27 0.820402
-26.975 0.820702
-26.95 0.821003
-26.925 0.821303
-26.9 0.821603
-26.875 0.821903
-26.85 0.822203
-26.825 0.822503
-26.8 0.822802
-26.775 0.823101
-26.75 0.823401
-26.725 0.8237
-26.7 0.823998
-26.675 0.824297
-26.65 0.824595
-26.625 0.824894
-26.6 0.825192
-26.575 0.82549
-26.55 0.825788
-26.525 0.826085
-26.5 0.826383
-26.475 0.82668
-26.45 0.826977
-26.425 0.827274
-26.4 0.827571
-26.375 0.827867
-26.35 0.828164
-26.325 0.82846
-26.3 0.828756
-26.275 0.829052
-26.25 0.829347
-26.225 0.829643
-26.2 0.829938
-26.175 0.830233
-26.15 0.830528
-26.125 0.830823
-26.1 0.831118
-26.075 0.831412
-26.05 0.831706
-26.025 0.832
-26 0.832294
-25.975 0.832588
-25.95 0.832882
-25.925 0.833175
-25.9 0.833468
-25.875 0.833761
-25.85 0.834054
-25.825 0.834347
-25.8 0.834639
-25.775 0.834931
-25.75 0.835223
-25.725 0.835515
-25.7 0.835807
-25.675 0.836099
-25.65 0.83639
-25.625 0.836681
-25.6 0.836972
-25.575 0.837263
-25.55 0.837554
-25.525 0.837844
-25.5 0.838135
-25.475 0.838425
-25.45 0.838715
-25.425 0.839004
-25.4 0.839294
-25.375 0.839583
-25.35 0.839872
-25.325 0.840161
-25.3 0.84045
-25.275 0.840739
-25.25 0.841027
-25.225 0.841315
-25.2 0.841603
-25.175 0.841891
-25.15 0.842179
-25.125 0.842466
-25.1 0.842754
-25.075 0.843041
-25.05 0.843328
-25.025 0.843615
-25 0.843901
-24.975 0.844187
-24.95 0.844474
-24.925 0.84476
-24.9 0.845045
-24.875 0.845331
-24.85 0.845616
-24.825 0.845902
-24.8 0.846187
-24.775 0.846471
-24.75 0.846756
-24.725 0.847041
-24.7 0.847325
-24.675 0.847609
-24.65 0.847893
-24.625 0.848176
-24.6 0.84846
-24.575 0.848743
-24.55 0.849026
-24.525 0.849309
-24.5 0.849592
-24.475 0.849874
-24.45 0.850157
-24.425 0.850439
-24.4 0.850721
-24.375 0.851003
-24.35 0.851284
-24.325 0.851566
-24.3 0.851847
-24.275 0.852128
-24.25 0.852408
-24.225 0.852689
-24.2 0.852969
-24.175 0.853249
-24.15 0.853529
-24.125 0.853809
-24.1 0.854089
-24.075 0.854368
-24.05 0.854647
-24.025 0.854926
-24 0.855205
-23.975 0.855484
-23.95 0.855762
-23.925 0.85604
-23.9 0.856318
-23.875 0.856596
-23.85 0.856874
-23.825 0.857151
-23.8 0.857428
-23.775 0.857705
-23.75 0.857982
-23.725 0.858258
-23.7 0.858535
-23.675 0.858811
-23.65 0.859087
-23.625 0.859363
-23.6 0.859638
-23.575 0.859914
-23.55 0.860189
-23.525 0.860464
-23.5 0.860738
-23.475 0.861013
-23.45 0.861287
-23.425 0.861561
-23.4 0.861835
-23.375 0.862109
-23.35 0.862383
-23.325 0.862656
-23.3 0.862929
-23.275 0.863202
-23.25 0.863475
-23.225 0.863747
-23.2 0.864019
-23.175 0.864291
-23.15 0.864563
-23.125 0.864835
-23.1 0.865106
-23.075 0.865378
-23.05 0.865649
-23.025 0.865919
-23 0.86619
-22.975 0.86646
-22.95 0.866731
-22.925 0.867001
-22.9 0.86727
-22.875 0.86754
-22.85 0.867809
-22.825 0.868078
-22.8 0.868347
-22.775 0.868616
-22.75 0.868884
-22.725 0.869153
-22.7 0.869421
-22.675 0.869689
-22.65 0.869956
-22.625 0.870224
-22.6 0.870491
-22.575 0.870758
-22.55 0.871025
-22.525 0.871291
-22.5 0.871558
-22.475 0.871824
-22.45 0.87209
-22.425 0.872356
-22.4 0.872621
-22.375 0.872886
-22.35 0.873151
-22.325 0.873416
-22.3 0.873681
-22.275 0.873945
-22.25 0.87421
-22.225 0.874474
-22.2 0.874737
-22.175 0.875001
-22.15 0.875264
-22.125 0.875527
-22.1 0.87579
-22.075 0.876053
-22.05 0.876315
-22.025 0.876578
-22 0.87684
-21.975 0.877101
-21.95 0.877363
-21.925 0.877624
-21.9 0.877886
-21.875 0.878146
-21.85 0.878407
-21.825 0.878668
-21.8 0.878928
-21.775 0.879188
-21.75 0.879448
-21.725 0.879707
-21.7 0.879967
-21.675 0.880226
-21.65 0.880485
-21.625 0.880744
-21.6 0.881002
-21.575 0.88126
-21.55 0.881518
-21.525 0.881776
-21.5 0.882034
-21.475 0.882291
-21.45 0.882548
-21.425 0.882805
-21.4 0.883062
-21.375 0.883318
-21.35 0.883575
-21.325 0.883831
-21.3 0.884086
-21.275 0.884342
-21.25 0.884597
-21.225 0.884852
-21.2 0.885107
-21.175 0.885362
-21.15 0.885616
-21.125 0.885871
-21.1 0.886125
-21.075 0.886378
-21.05 0.886632
-21.025 0.886885
-21 0.887138
-20.975 0.887391
-20.95 0.887644
-20.925 0.887896
-20.9 0.888148
-20.875 0.8884
-20.85 0.888652
-20.825 0.888903
-20.8 0.889155
-20.775 0.889406
-20.75 0.889656
-20.725 0.889907
-20.7 0.890157
-20.675 0.890407
-20.65 0.890657
-20.625 0.890907
-20.6 0.891156
-20.575 0.891405
-20.55 0.891654
-20.525 0.891903
-20.5 0.892151
-20.475 0.892399
-20.45 0.892647
-20.425 0.892895
-20.4 0.893143
-20.375 0.89339
-20.35 0.893637
-20.325 0.893884
-20.3 0.89413
-20.275 0.894377
-20.25 0.894623
-20.225 0.894868
-20.2 0.895114
-20.175 0.895359
-20.15 0.895605
-20.125 0.89585
-20.1 0.896094
-20.075 0.896339
-20.05 0.896583
-20.025 0.896827
-20 0.897071
-19.975 0.897314
-19.95 0.897557
-19.925 0.8978
-19.9 0.898043
-19.875 0.898286
-19.85 0.898528
-19.825 0.89877
-19.8 0.899012
-19.775 0.899253
-19.75 0.899495
-19.725 0.899736
-19.7 0.899977
-19.675 0.900217
-19.65 0.900457
-19.625 0.900698
-19.6 0.900937
-19.575 0.901177
-19.55 0.901417
-19.525 0.901656
-19.5 0.901895
-19.475 0.902133
-19.45 0.902372
-19.425 0.90261
-19.4 0.902848
-19.375 0.903085
-19.35 0.903323
-19.325 0.90356
-19.3 0.903797
-19.275 0.904034
-19.25 0.90427
-19.225 0.904507
-19.2 0.904742
-19.175 0.904978
-19.15 0.905214
-19.125 0.905449
-19.1 0.905684
-19.075 0.905919
-19.05 0.906153
-19.025 0.906387
-19 0.906621
-18.975 0.906855
-18.95 0.907089
-18.925 0.907322
-18.9 0.907555
-18.875 0.907788
-18.85 0.90802
-18.825 0.908253
-18.8 0.908485
-18.775 0.908716
-18.75 0.908948
-18.725 0.909179
-18.7 0.90941
-18.675 0.909641
-18.65 0.909872
-18.625 0.910102
-18.6 0.910332
-18.575 0.910562
-18.55 0.910791
-18.525 0.91102
-18.5 0.911249
-18.475 0.911478
-18.45 0.911707
-18.425 0.911935
-18.4 0.912163
-18.375 0.912391
-18.35 0.912618
-18.325 0.912845
-18.3 0.913072
-18.275 0.913299
-18.25 0.913526
-18.225 0.913752
-18.2 0.913978
-18.175 0.914204
-18.15 0.914429
-18.125 0.914654
-18.1 0.914879
-18.075 0.915104
-18.05 0.915328
-18.025 0.915553
-18 0.915777
-17.975 0.916
-17.95 0.916224
-17.925 0.916447
-17.9 0.91667
-17.875 0.916892
-17.85 0.917115
-17.825 0.917337
-17.8 0.917559
-17.775 0.917781
-17.75 0.918002
-17.725 0.918223
-17.7 0.918444
-17.675 0.918664
-17.65 0.918885
-17.625 0.919105
-17.6 0.919325
-17.575 0.919544
-17.55 0.919764
-17.525 0.919983
-17.5 0.920201
-17.475 0.92042
-17.45 0.920638
-17.425 0.920856
-17.4 0.921074
-17.375 0.921291
-17.35 0.921509
-17.325 0.921725
-17.3 0.921942
-17.275 0.922159
-17.25 0.922375
-17.225 0.922591
-17.2 0.922806
-17.175 0.923022
-17.15 0.923237
-17.125 0.923452
-17.1 0.923666
-17.075 0.923881
-17.05 0.924095
-17.025 0.924308
-17 0.924522
-16.975 0.924735
-16.95 0.924948
-16.925 0.925161
-16.9 0.925373
-16.875 0.925586
-16.85 0.925798
-16.825 0.926009
-16.8 0.926221
-16.775 0.926432
-16.75 0.926643
-16.725 0.926853
-16.7 0.927064
-16.675 0.927274
-16.65 0.927483
-16.625 0.927693
-16.6 0.927902
-16.575 0.928111
-16.55 0.92832
-16.525 0.928528
-16.5 0.928737
-16.475 0.928945
-16.45 0.929152
-16.425 0.92936
-16.4 0.929567
-16.375 0.929774
-16.35 0.92998
-16.325 0.930187
-16.3 0.930393
-16.275 0.930598
-16.25 0.930804
-16.225 0.931009
-16.2 0.931214
-16.175 0.931419
-16.15 0.931623
-16.125 0.931827
-16.1 0.932031
-16.075 0.932235
-16.05 0.932438
-16.025 0.932641
-16 0.932844
-15.975 0.933047
-15.95 0.933249
-15.925 0.933451
-15.9 0.933652
-15.875 0.933854
-15.85 0.934055
-15.825 0.934256
-15.8 0.934456
-15.775 0.934657
-15.75 0.934857
-15.725 0.935057
-15.7 0.935256
-15.675 0.935455
-15.65 0.935654
-15.625 0.935853
-15.6 0.936051
-15.575 0.93625
-15.55 0.936447
-15.525 0.936645
-15.5 0.936842
-15.475 0.937039
-15.45 0.937236
-15.425 0.937432
-15.4 0.937629
-15.375 0.937825
-15.35 0.93802
-15.325 0.938216
-15.3 0.938411
-15.275 0.938605
-15.25 0.9388
-15.225 0.938994
-15.2 0.939188
-15.175 0.939382
-15.15 0.939575
-15.125 0.939768
-15.1 0.939961
-15.075 0.940154
-15.05 0.940346
-15.025 0.940538
-15 0.94073
-14.975 0.940921
-14.95 0.941113
-14.925 0.941303
-14.9 0.941494
-14.875 0.941684
-14.85 0.941874
-14.825 0.942064
-14.8 0.942254
-14.775 0.942443
-14.75 0.942632
-14.725 0.94282
-14.7 0.943009
-14.675 0.943197
-14.65 0.943385
-14.625 0.943572
-14.6 0.943759
-14.575 0.943946
-14.55 0.944133
-14.525 0.944319
-14.5 0.944505
-14.475 0.944691
-14.45 0.944877
-14.425 0.945062
-14.4 0.945247
-14.375 0.945432
-14.35 0.945616
-14.325 0.9458
-14.3 0.945984
-14.275 0.946167
-14.25 0.946351
-14.225 0.946534
-14.2 0.946716
-14.175 0.946899
-14.15 0.947081
-14.125 0.947263
-14.1 0.947444
-14.075 0.947625
-14.05 0.947806
-14.025 0.947987
-14 0.948167
-13.975 0.948348
-13.95 0.948527
-13.925 0.948707
-13.9 0.948886
-13.875 0.949065
-13.85 0.949244
-13.825 0.949422
-13.8 0.9496
-13.775 0.949778
-13.75 0.949955
-13.725 0.950133
-13.7 0.950309
-13.675 0.950486
-13.65 0.950662
-13.625 0.950838
-13.6 0.951014
-13.575 0.95119
-13.55 0.951365
-13.525 0.95154
-13.5 0.951714
-13.475 0.951889
-13.45 0.952063
-13.425 0.952236
-13.4 0.95241
-13.375 0.952583
-13.35 0.952756
-13.325 0.952928
-13.3 0.953101
-13.275 0.953273
-13.25 0.953444
-13.225 0.953616
-13.2 0.953787
-13.175 0.953957
-13.15 0.954128
-13.125 0.954298
-13.1 0.954468
-13.075 0.954638
-13.05 0.954807
-13.025 0.954976
-13 0.955145
-12.975 0.955313
-12.95 0.955481
-12.925 0.955649
-12.9 0.955817
-12.875 0.955984
-12.85 0.956151
-12.825 0.956318
-12.8 0.956484
-12.775 0.95665
-12.75 0.956816
-12.725 0.956981
-12.7 0.957147
-12.675 0.957312
-12.65 0.957476
-12.625 0.95764
-12.6 0.957805
-12.575 0.957968
-12.55 0.958132
-12.525 0.958295
-12.5 0.958458
-12.475 0.95862
-12.45 0.958782
-12.425 0.958944
-12.4 0.959106
-12.375 0.959267
-12.35 0.959428
-12.325 0.959589
-12.3 0.959749
-12.275 0.95991
-12.25 0.960069
-12.225 0.960229
-12.2 0.960388
-12.175 0.960547
-12.15 0.960706
-12.125 0.960864
-12.1 0.961022
-12.075 0.96118
-12.05 0.961337
-12.025 0.961494
-12 0.961651
-11.975 0.961808
-11.95 0.961964
-11.925 0.96212
-11.9 0.962276
-11.875 0.962431
-11.85 0.962586
-11.825 0.962741
-11.8 0.962895
-11.775 0.963049
-11.75 0.963203
-11.725 0.963356
-11.7 0.96351
-11.675 0.963663
-11.65 0.963815
-11.625 0.963967
-11.6 0.964119
-11.575 0.964271
-11.55 0.964423
-11.525 0.964574
-11.5 0.964724
-11.475 0.964875
-11.45 0.965025
-11.425 0.965175
-11.4 0.965325
-11.375 0.965474
-11.35 0.965623
-11.325 0.965771
-11.3 0.96592
-11.275 0.966068
-11.25 0.966216
-11.225 0.966363
-11.2 0.96651
-11.175 0.966657
-11.15 0.966803
-11.125 0.96695
-11.1 0.967096
-11.075 0.967241
-11.05 0.967386
-11.025 0.967531
-11 0.967676
-10.975 0.967821
-10.95 0.967965
-10.925 0.968108
-10.9 0.968252
-10.875 0.968395
-10.85 0.968538
-10.825 0.96868
-10.8 0.968823
-10.775 0.968964
-10.75 0.969106
-10.725 0.969247
-10.7 0.969388
-10.675 0.969529
-10.65 0.969669
-10.625 0.969809
-10.6 0.969949
-10.575 0.970089
-10.55 0.970228
-10.525 0.970367
-10.5 0.970505
-10.475 0.970643
-10.45 0.970781
-10.425 0.970919
-10.4 0.971056
-10.375 0.971193
-10.35 0.97133
-10.325 0.971466
-10.3 0.971602
-10.275 0.971738
-10.25 0.971873
-10.225 0.972008
-10.2 0.972143
-10.175 0.972278
-10.15 0.972412
-10.125 0.972546
-10.1 0.972679
-10.075 0.972812
-10.05 0.972945
-10.025 0.973078
-10 0.97321
-9.975 0.973342
-9.95 0.973474
-9.925 0.973605
-9.9 0.973736
-9.875 0.973867
-9.85 0.973997
-9.825 0.974127
-9.8 0.974257
-9.775 0.974387
-9.75 0.974516
-9.725 0.974645
-9.7 0.974773
-9.675 0.974902
-9.65 0.975029
-9.625 0.975157
-9.6 0.975284
-9.575 0.975411
-9.55 0.975538
-9.525 0.975664
-9.5 0.97579
-9.475 0.975916
-9.45 0.976041
-9.425 0.976166
-9.4 0.976291
-9.375 0.976416
-9.35 0.97654
-9.325 0.976664
-9.3 0.976787
-9.275 0.97691
-9.25 0.977033
-9.225 0.977156
-9.2 0.977278
-9.175 0.9774
-9.15 0.977521
-9.125 0.977643
-9.1 0.977764
-9.075 0.977884
-9.05 0.978005
-9.025 0.978125
-9 0.978244
-8.975 0.978364
-8.95 0.978483
-8.925 0.978602
-8.9 0.97872
-8.875 0.978838
-8.85 0.978956
-8.825 0.979073
-8.8 0.979191
-8.775 0.979307
-8.75 0.979424
-8.725 0.97954
-8.7 0.979656
-8.675 0.979772
-8.65 0.979887
-8.625 0.980002
-8.6 0.980116
-8.575 0.980231
-8.55 0.980345
-8.525 0.980458
-8.5 0.980572
-8.475 0.980685
-8.45 0.980797
-8.425 0.98091
-8.4 0.981022
-8.375 0.981133
-8.35 0.981245
-8.325 0.981356
-8.3 0.981467
-8.275 0.981577
-8.25 0.981687
-8.225 0.981797
-8.2 0.981907
-8.175 0.982016
-8.15 0.982125
-8.125 0.982233
-8.1 0.982341
-8.075 0.982449
-8.05 0.982557
-8.025 0.982664
-8 0.982771
-7.975 0.982877
-7.95 0.982984
-7.925 0.98309
-7.9 0.983195
-7.875 0.983301
-7.85 0.983406
-7.825 0.98351
-7.8 0.983615
-7.775 0.983719
-7.75 0.983822
-7.725 0.983926
-7.7 0.984029
-7.675 0.984131
-7.65 0.984234
-7.625 0.984336
-7.6 0.984438
-7.575 0.984539
-7.55 0.98464
-7.525 0.984741
-7.5 0.984841
-7.475 0.984941
-7.45 0.985041
-7.425 0.985141
-7.4 0.98524
-7.375 0.985339
-7.35 0.985437
-7.325 0.985535
-7.3 0.985633
-7.275 0.985731
-7.25 0.985828
-7.225 0.985925
-7.2 0.986021
-7.175 0.986118
-7.15 0.986214
-7.125 0.986309
-7.1 0.986404
-7.075 0.986499
-7.05 0.986594
-7.025 0.986688
-7 0.986782
-6.975 0.986876
-6.95 0.986969
-6.925 0.987062
-6.9 0.987155
-6.875 0.987247
-6.85 0.987339
-6.825 0.987431
-6.8 0.987522
-6.775 0.987613
-6.75 0.987704
-6.725 0.987794
-6.7 0.987884
-6.675 0.987974
-6.65 0.988063
-6.625 0.988152
-6.6 0.988241
-6.575 0.988329
-6.55 0.988417
-6.525 0.988505
-6.5 0.988592
-6.475 0.98868
-6.45 0.988766
-6.425 0.988853
-6.4 0.988939
-6.375 0.989025
-6.35 0.98911
-6.325 0.989195
-6.3 0.98928
-6.275 0.989364
-6.25 0.989449
-6.225 0.989532
-6.2 0.989616
-6.175 0.989699
-6.15 0.989782
-6.125 0.989864
-6.1 0.989946
-6.075 0.990028
-6.05 0.99011
-6.025 0.990191
-6 0.990272
-5.975 0.990352
-5.95 0.990432
-5.925 0.990512
-5.9 0.990592
-5.875 0.990671
-5.85 0.99075
-5.825 0.990828
-5.8 0.990907
-5.775 0.990984
-5.75 0.991062
-5.725 0.991139
-5.7 0.991216
-5.675 0.991293
-5.65 0.991369
-5.625 0.991445
-5.6 0.99152
-5.575 0.991596
-5.55 0.99167
-5.525 0.991745
-5.5 0.991819
-5.475 0.991893
-5.45 0.991967
-5.425 0.99204
-5.4 0.992113
-5.375 0.992185
-5.35 0.992258
-5.325 0.99233
-5.3 0.992401
-5.275 0.992472
-5.25 0.992543
-5.225 0.992614
-5.2 0.992684
-5.175 0.992754
-5.15 0.992824
-5.125 0.992893
-5.1 0.992962
-5.075 0.99303
-5.05 0.993099
-5.025 0.993167
-5 0.993234
-4.975 0.993301
-4.95 0.993368
-4.925 0.993435
-4.9 0.993501
-4.875 0.993567
-4.85 0.993633
-4.825 0.993698
-4.8 0.993763
-4.775 0.993828
-4.75 0.993892
-4.725 0.993956
-4.7 0.994019
-4.675 0.994083
-4.65 0.994146
-4.625 0.994208
-4.6 0.99427
-4.575 0.994332
-4.55 0.994394
-4.525 0.994455
-4.5 0.994516
-4.475 0.994577
-4.45 0.994637
-4.425 0.994697
-4.4 0.994757
-4.375 0.994816
-4.35 0.994875
-4.325 0.994933
-4.3 0.994992
-4.275 0.99505
-4.25 0.995107
-4.225 0.995164
-4.2 0.995221
-4.175 0.995278
-4.15 0.995334
-4.125 0.99539
-4.1 0.995446
-4.075 0.995501
-4.05 0.995556
-4.025 0.99561
-4 0.995665
-3.975 0.995719
-3.95 0.995772
-3.925 0.995825
-3.9 0.995878
-3.875 0.995931
-3.85 0.995983
-3.825 0.996035
-3.8 0.996086
-3.775 0.996138
-3.75 0.996189
-3.725 0.996239
-3.7 0.996289
-3.675 0.996339
-3.65 0.996389
-3.625 0.996438
-3.6 0.996487
-3.575 0.996535
-3.55 0.996584
-3.525 0.996631
-3.5 0.996679
-3.475 0.996726
-3.45 0.996773
-3.425 0.99682
-3.4 0.996866
-3.375 0.996912
-3.35 0.996957
-3.325 0.997002
-3.3 0.997047
-3.275 0.997092
-3.25 0.997136
-3.225 0.99718
-3.2 0.997223
-3.175 0.997266
-3.15 0.997309
-3.125 0.997352
-3.1 0.997394
-3.075 0.997436
-3.05 0.997477
-3.025 0.997518
-3 0.997559
-2.975 0.997599
-2.95 0.99764
-2.925 0.997679
-2.9 0.997719
-2.875 0.997758
-2.85 0.997797
-2.825 0.997835
-2.8 0.997873
-2.775 0.997911
-2.75 0.997948
-2.725 0.997986
-2.7 0.998022
-2.675 0.998059
-2.65 0.998095
-2.625 0.998131
-2.6 0.998166
-2.575 0.998201
-2.55 0.998236
-2.525 0.99827
-2.5 0.998304
-2.475 0.998338
-2.45 0.998371
-2.425 0.998404
-2.4 0.998437
-2.375 0.998469
-2.35 0.998501
-2.325 0.998533
-2.3 0.998565
-2.275 0.998596
-2.25 0.998626
-2.225 0.998657
-2.2 0.998687
-2.175 0.998716
-2.15 0.998746
-2.125 0.998775
-2.1 0.998803
-2.075 0.998831
-2.05 0.998859
-2.025 0.998887
-2 0.998914
-1.975 0.998941
-1.95 0.998968
-1.925 0.998994
-1.9 0.99902
-1.875 0.999046
-1.85 0.999071
-1.825 0.999096
-1.8 0.999121
-1.775 0.999145
-1.75 0.999169
-1.725 0.999192
-1.7 0.999216
-1.675 0.999238
-1.65 0.999261
-1.625 0.999283
-1.6 0.999305
-1.575 0.999327
-1.55 0.999348
-1.525 0.999369
-1.5 0.999389
-1.475 0.999409
-1.45 0.999429
-1.425 0.999449
-1.4 0.999468
-1.375 0.999487
-1.35 0.999505
-1.325 0.999523
-1.3 0.999541
-1.275 0.999559
-1.25 0.999576
-1.225 0.999593
-1.2 0.999609
-1.175 0.999625
-1.15 0.999641
-1.125 0.999656
-1.1 0.999671
-1.075 0.999686
-1.05 0.999701
-1.025 0.999715
-1 0.999728
-0.975 0.999742
-0.95 0.999755
-0.925 0.999768
-0.9 0.99978
-0.875 0.999792
-0.85 0.999804
-0.825 0.999815
-0.8 0.999826
-0.775 0.999837
-0.75 0.999847
-0.725 0.999857
-0.7 0.999867
-0.675 0.999876
-0.65 0.999885
-0.625 0.999894
-0.6 0.999902
-0.575 0.99991
-0.55 0.999918
-0.525 0.999925
-0.5 0.999932
-0.475 0.999939
-0.45 0.999945
-0.425 0.999951
-0.4 0.999957
-0.375 0.999962
-0.35 0.999967
-0.325 0.999971
-0.3 0.999976
-0.275 0.999979
-0.25 0.999983
-0.225 0.999986
-0.2 0.999989
-0.175 0.999992
-0.15 0.999994
-0.125 0.999996
-0.1 0.999997
-0.075 0.999998
-0.05 0.999999
-0.025 1
0 1
0.025 1
0.05 0.999999
0.075 0.999998
0.1 0.999997
0.125 0.999996
0.15 0.999994
0.175 0.999992
0.2 0.999989
0.225 0.999986
0.25 0.999983
0.275 0.999979
0.3 0.999976
0.325 0.999971
0.35 0.999967
0.375 0.999962
0.4 0.999957
0.425 0.999951
0.45 0.999945
0.475 0.999939
0.5 0.999932
0.525 0.999925
0.55 0.999918
0.575 0.99991
0.6 0.999902
0.625 0.999894
0.65 0.999885
0.675 0.999876
0.7 0.999867
0.725 0.999857
0.75 0.999847
0.775 0.999837
0.8 0.999826
0.825 0.999815
0.85 0.999804
0.875 0.999792
0.9 0.99978
0.925 0.999768
0.95 0.999755
0.975 0.999742
1 0.999728
1.025 0.999715
1.05 0.999701
1.075 0.999686
1.1 0.999671
1.125 0.999656
1.15 0.999641
1.175 0.999625
1.2 0.999609
1.225 0.999593
1.25 0.999576
1.275 0.999559
1.3 0.999541
1.325 0.999523
1.35 0.999505
1.375 0.999487
1.4 0.999468
1.425 0.999449
1.45 0.999429
1.475 0.999409
1.5 0.999389
1.525 0.999369
1.55 0.999348
1.575 0.999327
1.6 0.999305
1.625 0.999283
1.65 0.999261
1.675 0.999238
1.7 0.999216
1.725 0.999192
1.75 0.999169
1.775 0.999145
1.8 0.999121
1.825 0.999096
1.85 0.999071
1.875 0.999046
1.9 0.99902
1.925 0.998994
1.95 0.998968
1.975 0.998941
2 0.998914
2.025 0.998887
2.05 0.998859
2.075 0.998831
2.1 0.998803
2.125 0.998775
2.15 0.998746
2.175 0.998716
2.2 0.998687
2.225 0.998657
2.25 0.998626
2.275 0.998596
2.3 0.998565
2.325 0.998533
2.35 0.998501
2.375 0.998469
2.4 0.998437
2.425 0.998404
2.45 0.998371
2.475 0.998338
2.5 0.998304
2.525 0.99827
2.55 0.998236
2.575 0.998201
2.6 0.998166
2.625 0.998131
2.65 0.998095
2.675 0.998059
2.7 0.998022
2.725 0.997986
2.75 0.997948
2.775 0.997911
2.8 0.997873
2.825 0.997835
2.85 0.997797
2.875 0.997758
2.9 0.997719
2.925 0.997679
2.95 0.99764
2.975 0.997599
3 0.997559
3.025 0.997518
3.05 0.997477
3.075 0.997436
3.1 0.997394
3.125 0.997352
3.15 0.997309
3.175 0.997266
3.2 0.997223
3.225 0.99718
3.25 0.997136
3.275 0.997092
3.3 0.997047
3.325 0.997002
3.35 0.996957
3.375 0.996912
3.4 0.996866
3.425 0.99682
3.45 0.996773
3.475 0.996726
3.5 0.996679
3.525 0.996631
3.55 0.996584
3.575 0.996535
3.6 0.996487
3.625 0.996438
3.65 0.996389
3.675 0.996339
3.7 0.996289
3.725 0.996239
3.75 0.996189
3.775 0.996138
3.8 0.996086
3.825 0.996035
3.85 0.995983
3.875 0.995931
3.9 0.995878
3.925 0.995825
3.95 0.995772
3.975 0.995719
4 0.995665
4.025 0.99561
4.05 0.995556
4.075 0.995501
4.1 0.995446
4.125 0.99539
4.15 0.995334
4.175 0.995278
4.2 0.995221
4.225 0.995164
4.25 0.995107
4.275 0.99505
4.3 0.994992
4.325 0.994933
4.35 0.994875
4.375 0.994816
4.4 0.994757
4.425 0.994697
4.45 0.994637
4.475 0.994577
4.5 0.994516
4.525 0.994455
4.55 0.994394
4.575 0.994332
4.6 0.99427
4.625 0.994208
4.65 0.994146
4.675 0.994083
4.7 0.994019
4.725 0.993956
4.75 0.993892
4.775 0.993828
4.8 0.993763
4.825 0.993698
4.85 0.993633
4.875 0.993567
4.9 0.993501
4.925 0.993435
4.95 0.993368
4.975 0.993301
5 0.993234
5.025 0.993167
5.05 0.993099
5.075 0.99303
5.1 0.992962
5.125 0.992893
5.15 0.992824
5.175 0.992754
5.2 0.992684
5.225 0.992614
5.25 0.992543
5.275 0.992472
5.3 0.992401
5.325 0.99233
5.35 0.992258
5.375 0.992185
5.4 0.992113
5.425 0.99204
5.45 0.991967
5.475 0.991893
5.5 0.991819
5.525 0.991745
5.55 0.99167
5.575 0.991596
5.6 0.99152
5.625 0.991445
5.65 0.991369
5.675 0.991293
5.7 0.991216
5.725 0.991139
5.75 0.991062
5.775 0.990984
5.8 0.990907
5.825 0.990828
5.85 0.99075
5.875 0.990671
5.9 0.990592
5.925 0.990512
5.95 0.990432
5.975 0.990352
6 0.990272
6.025 0.990191
6.05 0.99011
6.075 0.990028
6.1 0.989946
6.125 0.989864
6.15 0.989782
6.175 0.989699
6.2 0.989616
6.225 0.989532
6.25 0.989449
6.275 0.989364
6.3 0.98928
6.325 0.989195
6.35 0.98911
6.375 0.989025
6.4 0.988939
6.425 0.988853
6.45 0.988766
6.475 0.98868
6.5 0.988592
6.525 0.988505
6.55 0.988417
6.575 0.988329
6.6 0.988241
6.625 0.988152
6.65 0.988063
6.675 0.987974
6.7 0.987884
6.725 0.987794
6.75 0.987704
6.775 0.987613
6.8 0.987522
6.825 0.987431
6.85 0.987339
6.875 0.987247
6.9 0.987155
6.925 0.987062
6.95 0.986969
6.975 0.986876
7 0.986782
7.025 0.986688
7.05 0.986594
7.075 0.986499
7.1 0.986404
7.125 0.986309
7.15 0.986214
7.175 0.986118
7.2 0.986021
7.225 0.985925
7.25 0.985828
7.275 0.985731
7.3 0.985633
7.325 0.985535
7.35 0.985437
7.375 0.985339
7.4 0.98524
7.425 0.985141
7.45 0.985041
7.475 0.984941
7.5 0.984841
7.525 0.984741
7.55 0.98464
7.575 0.984539
7.6 0.984438
7.625 0.984336
7.65 0.984234
7.675 0.984131
7.7 0.984029
7.725 0.983926
7.75 0.983822
7.775 0.983719
7.8 0.983615
7.825 0.98351
7.85 0.983406
7.875 0.983301
7.9 0.983195
7.925 0.98309
7.95 0.982984
7.975 0.982877
8 0.982771
8.025 0.982664
8.05 0.982557
8.075 0.982449
8.1 0.982341
8.125 0.982233
8.15 0.982125
8.175 0.982016
8.2 0.981907
8.225 0.981797
8.25 0.981687
8.275 0.981577
8.3 0.981467
8.325 0.981356
8.35 0.981245
8.375 0.981133
8.4 0.981022
8.425 0.98091
8.45 0.980797
8.475 0.980685
8.5 0.980572
8.525 0.980458
8.55 0.980345
8.575 0.980231
8.6 0.980116
8.625 0.980002
8.65 0.979887
8.675 0.979772
8.7 0.979656
8.725 0.97954
8.75 0.979424
8.775 0.979307
8.8 0.979191
8.825 0.979073
8.85 0.978956
8.875 0.978838
8.9 0.97872
8.925 0.978602
8.95 0.978483
8.975 0.978364
9 0.978244
9.025 0.978125
9.05 0.978005
9.075 0.977884
9.1 0.977764
9.125 0.977643
9.15 0.977521
9.175 0.9774
9.2 0.977278
9.225 0.977156
9.25 0.977033
9.275 0.97691
9.3 0.976787
9.325 0.976664
9.35 0.97654
9.375 0.976416
9.4 0.976291
9.425 0.976166
9.45 0.976041
9.475 0.975916
9.5 0.97579
9.525 0.975664
9.55 0.975538
9.575 0.975411
9.6 0.975284
9.625 0.975157
9.65 0.975029
9.675 0.974902
9.7 0.974773
9.725 0.974645
9.75 0.974516
9.775 0.974387
9.8 0.974257
9.825 0.974127
9.85 0.973997
9.875 0.973867
9.9 0.973736
9.925 0.973605
9.95 0.973474
9.975 0.973342
10 0.97321
10.025 0.973078
10.05 0.972945
10.075 0.972812
10.1 0.972679
10.125 0.972546
10.15 0.972412
10.175 0.972278
10.2 0.972143
10.225 0.972008
10.25 0.971873
10.275 0.971738
10.3 0.971602
10.325 0.971466
10.35 0.97133
10.375 0.971193
10.4 0.971056
10.425 0.970919
10.45 0.970781
10.475 0.970643
10.5 0.970505
10.525 0.970367
10.55 0.970228
10.575 0.970089
10.6 0.969949
10.625 0.969809
10.65 0.969669
10.675 0.969529
10.7 0.969388
10.725 0.969247
10.75 0.969106
10.775 0.968964
10.8 0.968823
10.825 0.96868
10.85 0.968538
10.875 0.968395
10.9 0.968252
10.925 0.968108
10.95 0.967965
10.975 0.967821
11 0.967676
11.025 0.967531
11.05 0.967386
11.075 0.967241
11.1 0.967096
11.125 0.96695
11.15 0.966803
11.175 0.966657
11.2 0.96651
11.225 0.966363
11.25 0.966216
11.275 0.966068
11.3 0.96592
11.325 0.965771
11.35 0.965623
11.375 0.965474
11.4 0.965325
11.425 0.965175
11.45 0.965025
11.475 0.964875
11.5 0.964724
11.525 0.964574
11.55 0.964423
11.575 0.964271
11.6 0.964119
11.625 0.963967
11.65 0.963815
11.675 0.963663
11.7 0.96351
11.725 0.963356
11.75 0.963203
11.775 0.963049
11.8 0.962895
11.825 0.962741
11.85 0.962586
11.875 0.962431
11.9 0.962276
11.925 0.96212
11.95 0.961964
11.975 0.961808
12 0.961651
12.025 0.961494
12.05 0.961337
12.075 0.96118
12.1 0.961022
12.125 0.960864
12.15 0.960706
12.175 0.960547
12.2 0.960388
12.225 0.960229
12.25 0.960069
12.275 0.95991
12.3 0.959749
12.325 0.959589
12.35 0.959428
12.375 0.959267
12.4 0.959106
12.425 0.958944
12.45 0.958782
12.475 0.95862
12.5 0.958458
12.525 0.958295
12.55 0.958132
12.575 0.957968
12.6 0.957805
12.625 0.95764
12.65 0.957476
12.675 0.957312
12.7 0.957147
12.725 0.956981
12.75 0.956816
12.775 0.95665
12.8 0.956484
12.825 0.956318
12.85 0.956151
12.875 0.955984
12.9 0.955817
12.925 0.955649
12.95 0.955481
12.975 0.955313
13 0.955145
13.025 0.954976
13.05 0.954807
13.075 0.954638
13.1 0.954468
13.125 0.954298
13.15 0.954128
13.175 0.953957
13.2 0.953787
13.225 0.953616
13.25 0.953444
13.275 0.953273
13.3 0.953101
13.325 0.952928
13.35 0.952756
13.375 0.952583
13.4 0.95241
13.425 0.952236
13.45 0.952063
13.475 0.951889
13.5 0.951714
13.525 0.95154
13.55 0.951365
13.575 0.95119
13.6 0.951014
13.625 0.950838
13.65 0.950662
13.675 0.950486
13.7 0.950309
13.725 0.950133
13.75 0.949955
13.775 0.949778
13.8 0.9496
13.825 0.949422
13.85 0.949244
13.875 0.949065
13.9 0.948886
13.925 0.948707
13.95 0.948527
13.975 0.948348
14 0.948167
14.025 0.947987
14.05 0.947806
14.075 0.947625
14.1 0.947444
14.125 0.947263
14.15 0.947081
14.175 0.946899
14.2 0.946716
14.225 0.946534
14.25 0.946351
14.275 0.946167
14.3 0.945984
14.325 0.9458
14.35 0.945616
14.375 0.945432
14.4 0.945247
14.425 0.945062
14.45 0.944877
14.475 0.944691
14.5 0.944505
14.525 0.944319
14.55 0.944133
14.575 0.943946
14.6 0.943759
14.625 0.943572
14.65 0.943385
14.675 0.943197
14.7 0.943009
14.725 0.94282
14.75 0.942632
14.775 0.942443
14.8 0.942254
14.825 0.942064
14.85 0.941874
14.875 0.941684
14.9 0.941494
14.925 0.941303
14.95 0.941113
14.975 0.940921
15 0.94073
15.025 0.940538
15.05 0.940346
15.075 0.940154
15.1 0.939961
15.125 0.939768
15.15 0.939575
15.175 0.939382
15.2 0.939188
15.225 0.938994
15.25 0.9388
15.275 0.938605
15.3 0.938411
15.325 0.938216
15.35 0.93802
15.375 0.937825
15.4 0.937629
15.425 0.937432
15.45 0.937236
15.475 0.937039
15.5 0.936842
15.525 0.936645
15.55 0.936447
15.575 0.93625
15.6 0.936051
15.625 0.935853
15.65 0.935654
15.675 0.935455
15.7 0.935256
15.725 0.935057
15.75 0.934857
15.775 0.934657
15.8 0.934456
15.825 0.934256
15.85 0.934055
15.875 0.933854
15.9 0.933652
15.925 0.933451
15.95 0.933249
15.975 0.933047
16 0.932844
16.025 0.932641
16.05 0.932438
16.075 0.932235
16.1 0.932031
16.125 0.931827
16.15 0.931623
16.175 0.931419
16.2 0.931214
16.225 0.931009
16.25 0.930804
16.275 0.930598
16.3 0.930393
16.325 0.930187
16.35 0.92998
16.375 0.929774
16.4 0.929567
16.425 0.92936
16.45 0.929152
16.475 0.928945
16.5 0.928737
16.525 0.928528
16.55 0.92832
16.575 0.928111
16.6 0.927902
16.625 0.927693
16.65 0.927483
16.675 0.927274
16.7 0.927064
16.725 0.926853
16.75 0.926643
16.775 0.926432
16.8 0.926221
16.825 0.926009
16.85 0.925798
16.875 0.925586
16.9 0.925373
16.925 0.925161
16.95 0.924948
16.975 0.924735
17 0.924522
17.025 0.924308
17.05 0.924095
17.075 0.923881
17.1 0.923666
17.125 0.923452
17.15 0.923237
17.175 0.923022
17.2 0.922806
17.225 0.922591
17.25 0.922375
17.275 0.922159
17.3 0.921942
17.325 0.921725
17.35 0.921509
17.375 0.921291
17.4 0.921074
17.425 0.920856
17.45 0.920638
17.475 0.92042
17.5 0.920201
17.525 0.919983
17.55 0.919764
17.575 0.919544
17.6 0.919325
17.625 0.919105
17.65 0.918885
17.675 0.918664
17.7 0.918444
17.725 0.918223
17.75 0.918002
17.775 0.917781
17.8 0.917559
17.825 0.917337
17.85 0.917115
17.875 0.916892
17.9 0.91667
17.925 0.916447
17.95 0.916224
17.975 0.916
18 0.915777
18.025 0.915553
18.05 0.915328
18.075 0.915104
18.1 0.914879
18.125 0.914654
18.15 0.914429
18.175 0.914204
18.2 0.913978
18.225 0.913752
18.25 0.913526
18.275 0.913299
18.3 0.913072
18.325 0.912845
18.35 0.912618
18.375 0.912391
18.4 0.912163
18.425 0.911935
18.45 0.911707
18.475 0.911478
18.5 0.911249
18.525 0.91102
18.55 0.910791
18.575 0.910562
18.6 0.910332
18.625 0.910102
18.65 0.909872
18.675 0.909641
18.7 0.90941
18.725 0.909179
18.75 0.908948
18.775 0.908716
18.8 0.908485
18.825 0.908253
18.85 0.90802
18.875 0.907788
18.9 0.907555
18.925 0.907322
18.95 0.907089
18.975 0.906855
19 0.906621
19.025 0.906387
19.05 0.906153
19.075 0.905919
19.1 0.905684
19.125 0.905449
19.15 0.905214
19.175 0.904978
19.2 0.904742
19.225 0.904507
19.25 0.90427
19.275 0.904034
19.3 0.903797
19.325 0.90356
19.35 0.903323
19.375 0.903085
19.4 0.902848
19.425 0.90261
19.45 0.902372
19.475 0.902133
19.5 0.901895
19.525 0.901656
19.55 0.901417
19.575 0.901177
19.6 0.900937
19.625 0.900698
19.65 0.900457
19.675 0.900217
19.7 0.899977
19.725 0.899736
19.75 0.899495
19.775 0.899253
19.8 0.899012
19.825 0.89877
19.85 0.898528
19.875 0.898286
19.9 0.898043
19.925 0.8978
19.95 0.897557
19.975 0.897314
20 0.897071
20.025 0.896827
20.05 0.896583
20.075 0.896339
20.1 0.896094
20.125 0.89585
20.15 0.895605
20.175 0.895359
20.2 0.895114
20.225 0.894868
20.25 0.894623
20.275 0.894377
20.3 0.89413
20.325 0.893884
20.35 0.893637
20.375 0.89339
20.4 0.893143
20.425 0.892895
20.45 0.892647
20.475 0.892399
20.5 0.892151
20.525 0.891903
20.55 0.891654
20.575 0.891405
20.6 0.891156
20.625 0.890907
20.65 0.890657
20.675 0.890407
20.7 0.890157
20.725 0.889907
20.75 0.889656
20.775 0.889406
20.8 0.889155
20.825 0.888903
20.85 0.888652
20.875 0.8884
20.9 0.888148
20.925 0.887896
20.95 0.887644
20.975 0.887391
21 0.887138
21.025 0.886885
21.05 0.886632
21.075 0.886378
21.1 0.886125
21.125 0.885871
21.15 0.885616
21.175 0.885362
21.2 0.885107
21.225 0.884852
21.25 0.884597
21.275 0.884342
21.3 0.884086
21.325 0.883831
21.35 0.883575
21.375 0.883318
21.4 0.883062
21.425 0.882805
21.45 0.882548
21.475 0.882291
21.5 0.882034
21.525 0.881776
21.55 0.881518
21.575 0.88126
21.6 0.881002
21.625 0.880744
21.65 0.880485
21.675 0.880226
21.7 0.879967
21.725 0.879707
21.75 0.879448
21.775 0.879188
21.8 0.878928
21.825 0.878668
21.85 0.878407
21.875 0.878146
21.9 0.877886
21.925 0.877624
21.95 0.877363
21.975 0.877101
22 0.87684
22.025 0.876578
22.05 0.876315
22.075 0.876053
22.1 0.87579
22.125 0.875527
22.15 0.875264
22.175 0.875001
22.2 0.874737
22.225 0.874474
22.25 0.87421
22.275 0.873945
22.3 0.873681
22.325 0.873416
22.35 0.873151
22.375 0.872886
22.4 0.872621
22.425 0.872356
22.45 0.87209
22.475 0.871824
22.5 0.871558
22.525 0.871291
22.55 0.871025
22.575 0.870758
22.6 0.870491
22.625 0.870224
22.65 0.869956
22.675 0.869689
22.7 0.869421
22.725 0.869153
22.75 0.868884
22.775 0.868616
22.8 0.868347
22.825 0.868078
22.85 0.867809
22.875 0.86754
22.9 0.86727
22.925 0.867001
22.95 0.866731
22.975 0.86646
23 0.86619
23.025 0.865919
23.05 0.865649
23.075 0.865378
23.1 0.865106
23.125 0.864835
23.15 0.864563
23.175 0.864291
23.2 0.864019
23.225 0.863747
23.25 0.863475
23.275 0.863202
23.3 0.862929
23.325 0.862656
23.35 0.862383
23.375 0.862109
23.4 0.861835
23.425 0.861561
23.45 0.861287
23.475 0.861013
23.5 0.860738
23.525 0.860464
23.55 0.860189
23.575 0.859914
23.6 0.859638
23.625 0.859363
23.65 0.859087
23.675 0.858811
23.7 0.858535
23.725 0.858258
23.75 0.857982
23.775 0.857705
23.8 0.857428
23.825 0.857151
23.85 0.856874
23.875 0.856596
23.9 0.856318
23.925 0.85604
23.95 0.855762
23.975 0.855484
24 0.855205
24.025 0.854926
24.05 0.854647
24.075 0.854368
24.1 0.854089
24.125 0.853809
24.15 0.853529
24.175 0.853249
24.2 0.852969
24.225 0.852689
24.25 0.852408
24.275 0.852128
24.3 0.851847
24.325 0.851566
24.35 0.851284
24.375 0.851003
24.4 0.850721
24.425 0.850439
24.45 0.850157
24.475 0.849874
24.5 0.849592
24.525 0.849309
24.55 0.849026
24.575 0.848743
24.6 0.84846
24.625 0.848176
24.65 0.847893
24.675 0.847609
24.7 0.847325
24.725 0.847041
24.75 0.846756
24.775 0.846471
24.8 0.846187
24.825 0.845902
24.85 0.845616
24.875 0.845331
24.9 0.845045
24.925 0.84476
24.95 0.844474
24.975 0.844187
25 0.843901
25.025 0.843615
25.05 0.843328
25.075 0.843041
25.1 0.842754
25.125 0.842466
25.15 0.842179
25.175 0.841891
25.2 0.841603
25.225 0.841315
25.25 0.841027
25.275 0.840739
25.3 0.84045
25.325 0.840161
25.35 0.839872
25.375 0.839583
25.4 0.839294
25.425 0.839004
25.45 0.838715
25.475 0.838425
25.5 0.838135
25.525 0.837844
25.55 0.837554
25.575 0.837263
25.6 0.836972
25.625 0.836681
25.65 0.83639
25.675 0.836099
25.7 0.835807
25.725 0.835515
25.75 0.835223
25.775 0.834931
25.8 0.834639
25.825 0.834347
25.85 0.834054
25.875 0.833761
25.9 0.833468
25.925 0.833175
25.95 0.832882
25.975 0.832588
26 0.832294
26.025 0.832
26.05 0.831706
26.075 0.831412
26.1 0.831118
26.125 0.830823
26.15 0.830528
26.175 0.830233
26.2 0.829938
26.225 0.829643
26.25 0.829347
26.275 0.829052
26.3 0.828756
26.325 0.82846
26.35 0.828164
26.375 0.827867
26.4 0.827571
26.425 0.827274
26.45 0.826977
26.475 0.82668
26.5 0.826383
26.525 0.826085
26.55 0.825788
26.575 0.82549
26.6 0.825192
26.625 0.824894
26.65 0.824595
26.675 0.824297
26.7 0.823998
26.725 0.8237
26.75 0.823401
26.775 0.823101
26.8 0.822802
26.825 0.822503
26.85 0.822203
26.875 0.821903
26.9 0.821603
26.925 0.821303
26.95 0.821003
26.975 0.820702
27 0.820402
27.025 0.820101
27.05 0.8198
27.075 0.819499
27.1 0.819197
27.125 0.818896
27.15 0.818594
27.175 0.818292
27.2 0.81799
27.225 0.817688
27.25 0.817386
27.275 0.817083
27.3 0.81678
27.325 0.816478
27.35 0.816175
27.375 0.815871
27.4 0.815568
27.425 0.815265
27.45 0.814961
27.475 0.814657
27.5 0.814353
27.525 0.814049
27.55 0.813745
27.575 0.81344
27.6 0.813136
27.625 0.812831
27.65 0.812526
27.675 0.812221
27.7 0.811915
27.725 0.81161
27.75 0.811304
27.775 0.810999
27.8 0.810693
27.825 0.810387
27.85 0.81008
27.875 0.809774
27.9 0.809467
27.925 0.809161
27.95 0.808854
27.975 0.808547
28 0.80824
28.025 0.807932
28.05 0.807625
28.075 0.807317
28.1 0.807009
28.125 0.806701
28.15 0.806393
28.175 0.806085
28.2 0.805776
28.225 0.805468
28.25 0.805159
28.275 0.80485
28.3 0.804541
28.325 0.804232
28.35 0.803922
28.375 0.803613
28.4 0.803303
28.425 0.802993
28.45 0.802683
28.475 0.802373
28.5 0.802063
28.525 0.801753
28.55 0.801442
28.575 0.801131
28.6 0.80082
28.625 0.800509
28.65 0.800198
28.675 0.799887
28.7 0.799575
28.725 0.799264
28.75 0.798952
28.775 0.79864
28.8 0.798328
28.825 0.798015
28.85 0.797703
28.875 0.797391
28.9 0.797078
28.925 0.796765
28.95 0.796452
28.975 0.796139
29 0.795826
29.025 0.795512
29.05 0.795199
29.075 0.794885
29.1 0.794571
29.125 0.794257
29.15 0.793943
29.175 0.793629
29.2 0.793314
29.225 0.792999
29.25 0.792685
29.275 0.79237
29.3 0.792055
29.325 0.79174
29.35 0.791424
29.375 0.791109
29.4 0.790793
29.425 0.790478
29.45 0.790162
29.475 0.789846
29.5 0.789529
29.525 0.789213
29.55 0.788897
29.575 0.78858
29.6 0.788263
29.625 0.787947
29.65 0.78763
29.675 0.787312
29.7 0.786995
29.725 0.786678
29.75 0.78636
29.775 0.786042
29.8 0.785725
29.825 0.785407
29.85 0.785088
29.875 0.78477
29.9 0.784452
29.925 0.784133
29.95 0.783815
29.975 0.783496
30 0.783177
30.025 0.782858
30.05 0.782539
30.075 0.782219
30.1 0.7819
30.125 0.78158
30.15 0.78126
30.175 0.78094
30.2 0.78062
30.225 0.7803
30.25 0.77998
30.275 0.77966
30.3 0.779339
30.325 0.779018
30.35 0.778697
30.375 0.778377
30.4 0.778055
30.425 0.777734
30.45 0.777413
30.475 0.777091
30.5 0.77677
30.525 0.776448
30.55 0.776126
30.575 0.775804
30.6 0.775482
30.625 0.77516
30.65 0.774837
30.675 0.774515
30.7 0.774192
30.725 0.773869
30.75 0.773547
30.775 0.773224
30.8 0.7729
30.825 0.772577
30.85 0.772254
30.875 0.77193
30.9 0.771607
30.925 0.771283
30.95 0.770959
30.975 0.770635
31 0.770311
31.025 0.769986
31.05 0.769662
31.075 0.769337
31.1 0.769013
31.125 0.768688
31.15 0.768363
31.175 0.768038
31.2 0.767713
31.225 0.767388
31.25 0.767062
31.275 0.766737
31.3 0.766411
31.325 0.766085
31.35 0.765759
31.375 0.765433
31.4 0.765107
31.425 0.764781
31.45 0.764455
31.475 0.764128
31.5 0.763801
31.525 0.763475
31.55 0.763148
31.575 0.762821
31.6 0.762494
31.625 0.762167
31.65 0.761839
31.675 0.761512
31.7 0.761184
31.725 0.760857
31.75 0.760529
31.775 0.760201
31.8 0.759873
31.825 0.759545
31.85 0.759216
31.875 0.758888
31.9 0.75856
31.925 0.758231
31.95 0.757902
31.975 0.757573
32 0.757244
32.025 0.756915
32.05 0.756586
32.075 0.756257
32.1 0.755927
32.125 0.755598
32.15 0.755268
32.175 0.754939
32.2 0.754609
32.225 0.754279
32.25 0.753949
32.275 0.753618
32.3 0.753288
32.325 0.752958
32.35 0.752627
32.375 0.752297
32.4 0.751966
32.425 0.751635
32.45 0.751304
32.475 0.750973
32.5 0.750642
32.525 0.75031
32.55 0.749979
32.575 0.749648
32.6 0.749316
32.625 0.748984
32.65 0.748652
32.675 0.74832
32.7 0.747988
32.725 0.747656
32.75 0.747324
32.775 0.746992
32.8 0.746659
32.825 0.746327
32.85 0.745994
32.875 0.745661
32.9 0.745328
32.925 0.744995
32.95 0.744662
32.975 0.744329
33 0.743996
33.025 0.743662
33.05 0.743329
33.075 0.742995
33.1 0.742661
33.125 0.742328
33.15 0.741994
33.175 0.74166
33.2 0.741326
33.225 0.740991
33.25 0.740657
33.275 0.740323
33.3 0.739988
33.325 0.739653
33.35 0.739319
33.375 0.738984
33.4 0.738649
33.425 0.738314
33.45 0.737979
33.475 0.737644
33.5 0.737308
33.525 0.736973
33.55 0.736637
33.575 0.736302
33.6 0.735966
33.625 0.73563
33.65 0.735294
33.675 0.734958
33.7 0.734622
33.725 0.734286
33.75 0.73395
33.775 0.733613
33.8 0.733277
33.825 0.73294
33.85 0.732604
33.875 0.732267
33.9 0.73193
33.925 0.731593
33.95 0.731256
33.975 0.730919
34 0.730582
34.025 0.730244
34.05 0.729907
34.075 0.72957
34.1 0.729232
34.125 0.728894
34.15 0.728557
34.175 0.728219
34.2 0.727881
34.225 0.727543
34.25 0.727205
34.275 0.726866
34.3 0.726528
34.325 0.72619
34.35 0.725851
34.375 0.725513
34.4 0.725174
34.425 0.724835
34.45 0.724496
34.475 0.724157
34.5 0.723818
34.525 0.723479
34.55 0.72314
34.575 0.722801
34.6 0.722461
34.625 0.722122
34.65 0.721783
34.675 0.721443
34.7 0.721103
34.725 0.720763
34.75 0.720424
34.775 0.720084
34.8 0.719744
34.825 0.719403
34.85 0.719063
34.875 0.718723
34.9 0.718383
34.925 0.718042
34.95 0.717702
34.975 0.717361
35 0.71702
35.025 0.716679
35.05 0.716339
35.075 0.715998
35.1 0.715657
35.125 0.715316
35.15 0.714974
35.175 0.714633
35.2 0.714292
35.225 0.71395
35.25 0.713609
35.275 0.713267
35.3 0.712926
35.325 0.712584
35.35 0.712242
35.375 0.7119
35.4 0.711558
35.425 0.711216
35.45 0.710874
35.475 0.710532
35.5 0.71019
35.525 0.709847
35.55 0.709505
35.575 0.709162
35.6 0.70882
35.625 0.708477
35.65 0.708134
35.675 0.707791
35.7 0.707449
35.725 0.707106
35.75 0.706763
35.775 0.70642
35.8 0.706076
35.825 0.705733
35.85 0.70539
35.875 0.705046
35.9 0.704703
35.925 0.704359
35.95 0.704016
35.975 0.703672
36 0.703328
36.025 0.702985
36.05 0.702641
36.075 0.702297
36.1 0.701953
36.125 0.701609
36.15 0.701264
36.175 0.70092
36.2 0.700576
36.225 0.700232
36.25 0.699887
36.275 0.699543
36.3 0.699198
36.325 0.698853
36.35 0.698509
36.375 0.698164
36.4 0.697819
36.425 0.697474
36.45 0.697129
36.475 0.696784
36.5 0.696439
36.525 0.696094
36.55 0.695749
36.575 0.695403
36.6 0.695058
36.625 0.694712
36.65 0.694367
36.675 0.694021
36.7 0.693676
36.725 0.69333
36.75 0.692984
36.775 0.692638
36.8 0.692293
36.825 0.691947
36.85 0.691601
36.875 0.691255
36.9 0.690908
36.925 0.690562
36.95 0.690216
36.975 0.68987
37 0.689523
37.025 0.689177
37.05 0.68883
37.075 0.688484
37.1 0.688137
37.125 0.687791
37.15 0.687444
37.175 0.687097
37.2 0.68675
37.225 0.686403
37.25 0.686056
37.275 0.685709
37.3 0.685362
37.325 0.685015
37.35 0.684668
37.375 0.684321
37.4 0.683974
37.425 0.683626
37.45 0.683279
37.475 0.682931
37.5 0.682584
37.525 0.682236
37.55 0.681889
37.575 0.681541
37.6 0.681193
37.625 0.680845
37.65 0.680498
37.675 0.68015
37.7 0.679802
37.725 0.679454
37.75 0.679106
37.775 0.678758
37.8 0.678409
37.825 0.678061
37.85 0.677713
37.875 0.677365
37.9 0.677016
37.925 0.676668
37.95 0.676319
37.975 0.675971
38 0.675622
38.025 0.675274
38.05 0.674925
38.075 0.674576
38.1 0.674228
38.125 0.673879
38.15 0.67353
38.175 0.673181
38.2 0.672832
38.225 0.672483
38.25 0.672134
38.275 0.671785
38.3 0.671436
38.325 0.671087
38.35 0.670737
38.375 0.670388
38.4 0.670039
38.425 0.669689
38.45 0.66934
38.475 0.668991
38.5 0.668641
38.525 0.668291
38.55 0.667942
38.575 0.667592
38.6 0.667243
38.625 0.666893
38.65 0.666543
38.675 0.666193
38.7 0.665843
38.725 0.665494
38.75 0.665144
38.775 0.664794
38.8 0.664444
38.825 0.664094
38.85 0.663743
38.875 0.663393
38.9 0.663043
38.925 0.662693
38.95 0.662343
38.975 0.661992
39 0.661642
39.025 0.661292
39.05 0.660941
39.075 0.660591
39.1 0.66024
39.125 0.65989
39.15 0.659539
39.175 0.659189
39.2 0.658838
39.225 0.658487
39.25 0.658137
39.275 0.657786
39.3 0.657435
39.325 0.657084
39.35 0.656733
39.375 0.656382
39.4 0.656032
39.425 0.655681
39.45 0.65533
39.475 0.654979
39.5 0.654627
39.525 0.654276
39.55 0.653925
39.575 0.653574
39.6 0.653223
39.625 0.652872
39.65 0.65252
39.675 0.652169
39.7 0.651818
39.725 0.651466
39.75 0.651115
39.775 0.650764
39.8 0.650412
39.825 0.650061
39.85 0.649709
39.875 0.649357
39.9 0.649006
39.925 0.648654
39.95 0.648303
39.975 0.647951
40 0.647599
40.025 0.647248
40.05 0.646896
40.075 0.646544
40.1 0.646192
40.125 0.64584
40.15 0.645488
40.175 0.645137
40.2 0.644785
40.225 0.644433
40.25 0.644081
40.275 0.643729
40.3 0.643377
40.325 0.643025
40.35 0.642673
40.375 0.64232
40.4 0.641968
40.425 0.641616
40.45 0.641264
40.475 0.640912
40.5 0.64056
40.525 0.640207
40.55 0.639855
40.575 0.639503
40.6 0.63915
40.625 0.638798
40.65 0.638446
40.675 0.638093
40.7 0.637741
40.725 0.637389
40.75 0.637036
40.775 0.636684
40.8 0.636331
40.825 0.635979
40.85 0.635626
40.875 0.635273
40.9 0.634921
40.925 0.634568
40.95 0.634216
40.975 0.633863
41 0.63351
41.025 0.633158
41.05 0.632805
41.075 0.632452
41.1 0.6321
41.125 0.631747
41.15 0.631394
41.175 0.631041
41.2 0.630689
41.225 0.630336
41.25 0.629983
41.275 0.62963
41.3 0.629277
41.325 0.628924
41.35 0.628571
41.375 0.628218
41.4 0.627866
41.425 0.627513
41.45 0.62716
41.475 0.626807
41.5 0.626454
41.525 0.626101
41.55 0.625748
41.575 0.625395
41.6 0.625042
41.625 0.624689
41.65 0.624336
41.675 0.623982
41.7 0.623629
41.725 0.623276
41.75 0.622923
41.775 0.62257
41.8 0.622217
41.825 0.621864
41.85 0.621511
41.875 0.621157
41.9 0.620804
41.925 0.620451
41.95 0.620098
41.975 0.619745
42 0.619392
42.025 0.619038
42.05 0.618685
42.075 0.618332
42.1 0.617979
42.125 0.617625
42.15 0.617272
42.175 0.616919
42.2 0.616566
42.225 0.616212
42.25 0.615859
42.275 0.615506
42.3 0.615152
42.325 0.614799
42.35 0.614446
42.375 0.614092
42.4 0.613739
42.425 0.613386
42.45 0.613032
42.475 0.612679
42.5 0.612326
42.525 0.611972
42.55 0.611619
42.575 0.611266
42.6 0.610912
42.625 0.610559
42.65 0.610206
42.675 0.609852
42.7 0.609499
42.725 0.609146
42.75 0.608792
42.775 0.608439
42.8 0.608086
42.825 0.607732
42.85 0.607379
42.875 0.607025
42.9 0.606672
42.925 0.606319
42.95 0.605965
42.975 0.605612
43 0.605259
43.025 0.604905
43.05 0.604552
43.075 0.604198
43.1 0.603845
43.125 0.603492
43.15 0.603138
43.175 0.602785
43.2 0.602432
43.225 0.602078
43.25 0.601725
43.275 0.601372
43.3 0.601018
43.325 0.600665
43.35 0.600311
43.375 0.599958
43.4 0.599605
43.425 0.599252
43.45 0.598898
43.475 0.598545
43.5 0.598192
43.525 0.597838
43.55 0.597485
43.575 0.597132
43.6 0.596778
43.625 0.596425
43.65 0.596072
43.675 0.595719
43.7 0.595365
43.725 0.595012
43.75 0.594659
43.775 0.594306
43.8 0.593952
43.825 0.593599
43.85 0.593246
43.875 0.592893
43.9 0.59254
43.925 0.592186
43.95 0.591833
43.975 0.59148
44 0.591127
44.025 0.590774
44.05 0.590421
44.075 0.590067
44.1 0.589714
44.125 0.589361
44.15 0.589008
44.175 0.588655
44.2 0.588302
44.225 0.587949
44.25 0.587596
44.275 0.587243
44.3 0.58689
44.325 0.586537
44.35 0.586184
44.375 0.585831
44.4 0.585478
44.425 0.585125
44.45 0.584772
44.475 0.584419
44.5 0.584066
44.525 0.583713
44.55 0.583361
44.575 0.583008
44.6 0.582655
44.625 0.582302
44.65 0.581949
44.675 0.581596
44.7 0.581244
44.725 0.580891
44.75 0.580538
44.775 0.580185
44.8 0.579833
44.825 0.57948
44.85 0.579127
44.875 0.578775
44.9 0.578422
44.925 0.578069
44.95 0.577717
44.975 0.577364
45 0.577012
45.025 0.576659
45.05 0.576307
45.075 0.575954
45.1 0.575602
45.125 0.575249
45.15 0.574897
45.175 0.574544
45.2 0.574192
45.225 0.57384
45.25 0.573487
45.275 0.573135
45.3 0.572783
45.325 0.57243
45.35 0.572078
45.375 0.571726
45.4 0.571374
45.425 0.571021
45.45 0.570669
45.475 0.570317
45.5 0.569965
45.525 0.569613
45.55 0.569261
45.575 0.568909
45.6 0.568557
45.625 0.568205
45.65 0.567853
45.675 0.567501
45.7 0.567149
45.725 0.566797
45.75 0.566445
45.775 0.566093
45.8 0.565741
45.825 0.56539
45.85 0.565038
45.875 0.564686
45.9 0.564334
45.925 0.563983
45.95 0.563631
45.975 0.563279
46 0.562928
46.025 0.562576
46.05 0.562225
46.075 0.561873
46.1 0.561522
46.125 0.56117
46.15 0.560819
46.175 0.560467
46.2 0.560116
46.225 0.559765
46.25 0.559413
46.275 0.559062
46.3 0.558711
46.325 0.55836
46.35 0.558008
46.375 0.557657
46.4 0.557306
46.425 0.556955
46.45 0.556604
46.475 0.556253
46.5 0.555902
46.525 0.555551
46.55 0.5552
46.575 0.554849
46.6 0.554498
46.625 0.554148
46.65 0.553797
46.675 0.553446
46.7 0.553095
46.725 0.552745
46.75 0.552394
46.775 0.552043
46.8 0.551693
46.825 0.551342
46.85 0.550992
46.875 0.550641
46.9 0.550291
46.925 0.54994
46.95 0.54959
46.975 0.54924
47 0.548889
47.025 0.548539
47.05 0.548189
47.075 0.547839
47.1 0.547489
47.125 0.547139
47.15 0.546788
47.175 0.546438
47.2 0.546088
47.225 0.545738
47.25 0.545389
47.275 0.545039
47.3 0.544689
47.325 0.544339
47.35 0.543989
47.375 0.54364
47.4 0.54329
47.425 0.54294
47.45 0.542591
47.475 0.542241
47.5 0.541892
47.525 0.541542
47.55 0.541193
47.575 0.540843
47.6 0.540494
47.625 0.540145
47.65 0.539796
47.675 0.539446
47.7 0.539097
47.725 0.538748
47.75 0.538399
47.775 0.53805
47.8 0.537701
47.825 0.537352
47.85 0.537003
47.875 0.536654
47.9 0.536305
47.925 0.535957
47.95 0.535608
47.975 0.535259
48 0.534911
48.025 0.534562
48.05 0.534213
48.075 0.533865
48.1 0.533516
48.125 0.533168
48.15 0.53282
48.175 0.532471
48.2 0.532123
48.225 0.531775
48.25 0.531427
48.275 0.531079
48.3 0.530731
48.325 0.530382
48.35 0.530035
48.375 0.529687
48.4 0.529339
48.425 0.528991
48.45 0.528643
48.475 0.528295
48.5 0.527948
48.525 0.5276
48.55 0.527252
48.575 0.526905
48.6 0.526557
48.625 0.52621
48.65 0.525863
48.675 0.525515
48.7 0.525168
48.725 0.524821
48.75 0.524474
48.775 0.524126
48.8 0.523779
48.825 0.523432
48.85 0.523085
48.875 0.522738
48.9 0.522392
48.925 0.522045
48.95 0.521698
48.975 0.521351
49 0.521005
49.025 0.520658
49.05 0.520312
49.075 0.519965
49.1 0.519619
49.125 0.519272
49.15 0.518926
49.175 0.51858
49.2 0.518233
49.225 0.517887
49.25 0.517541
49.275 0.517195
49.3 0.516849
49.325 0.516503
49.35 0.516157
49.375 0.515811
49.4 0.515466
49.425 0.51512
49.45 0.514774
49.475 0.514429
49.5 0.514083
49.525 0.513738
49.55 0.513392
49.575 0.513047
49.6 0.512702
49.625 0.512356
49.65 0.512011
49.675 0.511666
49.7 0.511321
49.725 0.510976
49.75 0.510631
49.775 0.510286
49.8 0.509941
49.825 0.509596
49.85 0.509252
49.875 0.508907
49.9 0.508563
49.925 0.508218
49.95 0.507874
49.975 0.507529
