0 0
1 0.0010273
2 0.00410499
3 0.00922042
4 0.0163526
5 0.0254721
6 0.0365416
7 0.0495156
8 0.0643406
9 0.0809559
10 0.0992932
11 0.119277
12 0.140825
13 0.16385
14 0.188255
15 0.213942
16 0.240804
17 0.268731
18 0.297608
19 0.327317
20 0.357736
21 0.38874
22 0.4202
23 0.451988
24 0.483974
25 0.516026
26 0.548012
27 0.5798
28 0.61126
29 0.642264
30 0.672683
31 0.702392
32 0.731269
33 0.759196
34 0.786058
35 0.811745
36 0.83615
37 0.859175
38 0.880723
39 0.900707
40 0.919044
41 0.935659
42 0.950484
43 0.963458
44 0.974528
45 0.983647
46 0.99078
47 0.995895
48 0.998973
49 1
50 1
51 0.998973
52 0.995895
53 0.99078
54 0.983647
55 0.974528
56 0.963458
57 0.950484
58 0.935659
59 0.919044
60 0.900707
61 0.880723
62 0.859175
63 0.83615
64 0.811745
65 0.786058
66 0.759196
67 0.731269
68 0.702392
69 0.672683
70 0.642264
71 0.61126
72 0.5798
73 0.548012
74 0.516026
75 0.483974
76 0.451988
77 0.4202
78 0.38874
79 0.357736
80 0.327317
81 0.297608
82 0.268731
83 0.240804
84 0.213942
85 0.188255
86 0.16385
87 0.140825
88 0.119277
89 0.0992932
90 0.0809559
91 0.0643406
92 0.0495156
93 0.0365416
94 0.0254721
95 0.0163526
96 0.00922042
97 0.00410499
98 0.0010273
99 0
