0 -0.09728
0.002 -0.0972798
0.004 -0.0972792
0.006 -0.0972788
0.008 -0.097279
0.01 -0.09728
0.012 -0.0974139
0.014 -0.097731
0.016 -0.0981091
0.018 -0.0984261
0.02 -0.09856
0.022 -0.0985613
0.024 -0.098562
0.026 -0.098562
0.028 -0.0985613
0.03 -0.09856
0.032 -0.0984668
0.034 -0.0982312
0.036 -0.0979141
0.038 -0.0975767
0.04 -0.09728
0.042 -0.097024
0.044 -0.096768
0.046 -0.096512
0.048 -0.096256
0.05 -0.096
0.052 -0.095744
0.054 -0.095488
0.056 -0.095232
0.058 -0.094976
0.06 -0.09472
0.062 -0.0944233
0.064 -0.0940859
0.066 -0.0937689
0.068 -0.0935332
0.07 -0.09344
0.072 -0.093439
0.074 -0.0934388
0.076 -0.0934392
0.078 -0.0934398
0.08 -0.09344
0.082 -0.09344
0.084 -0.09344
0.086 -0.09344
0.088 -0.09344
0.09 -0.09344
0.092 -0.09344
0.094 -0.09344
0.096 -0.09344
0.098 -0.09344
0.1 -0.09344
0.102 -0.0934398
0.104 -0.0934392
0.106 -0.0934388
0.108 -0.093439
0.11 -0.09344
0.112 -0.0935739
0.114 -0.093891
0.116 -0.0942691
0.118 -0.0945861
0.12 -0.09472
0.122 -0.0947213
0.124 -0.094722
0.126 -0.094722
0.128 -0.0947213
0.13 -0.09472
0.132 -0.0945861
0.134 -0.0942691
0.136 -0.093891
0.138 -0.0935739
0.14 -0.09344
0.142 -0.0934392
0.144 -0.0934396
0.146 -0.0934404
0.148 -0.0934408
0.15 -0.09344
0.152 -0.0933061
0.154 -0.0929891
0.156 -0.092611
0.158 -0.0922939
0.16 -0.09216
0.162 -0.092159
0.164 -0.0921588
0.166 -0.0921592
0.168 -0.0921597
0.17 -0.09216
0.172 -0.09216
0.174 -0.09216
0.176 -0.09216
0.178 -0.09216
0.18 -0.09216
0.182 -0.0921603
0.184 -0.0921608
0.186 -0.0921612
0.188 -0.092161
0.19 -0.09216
0.192 -0.0920261
0.194 -0.0917091
0.196 -0.091331
0.198 -0.0910139
0.2 -0.09088
0.202 -0.0908787
0.204 -0.0908781
0.206 -0.0908781
0.208 -0.0908787
0.21 -0.09088
0.212 -0.0909732
0.214 -0.0912089
0.216 -0.0915259
0.218 -0.0918633
0.22 -0.09216
0.222 -0.092416
0.224 -0.092672
0.226 -0.092928
0.228 -0.093184
0.23 -0.09344
0.232 -0.0937367
0.234 -0.0940741
0.236 -0.0943912
0.238 -0.0946268
0.24 -0.09472
0.242 -0.0947211
0.244 -0.0947212
0.246 -0.0947208
0.248 -0.0947203
0.25 -0.09472
0.252 -0.09472
0.254 -0.09472
0.256 -0.09472
0.258 -0.09472
0.26 -0.09472
0.262 -0.09472
0.264 -0.09472
0.266 -0.09472
0.268 -0.09472
0.27 -0.09472
0.272 -0.09472
0.274 -0.09472
0.276 -0.09472
0.278 -0.09472
0.28 -0.09472
0.282 -0.0947203
0.284 -0.0947208
0.286 -0.0947212
0.288 -0.0947211
0.29 -0.09472
0.292 -0.0945861
0.294 -0.0942691
0.296 -0.093891
0.298 -0.0935739
0.3 -0.09344
0.302 -0.0934392
0.304 -0.0934396
0.306 -0.0934404
0.308 -0.0934408
0.31 -0.09344
0.312 -0.0933468
0.314 -0.0931112
0.316 -0.0927941
0.318 -0.0924567
0.32 -0.09216
0.322 -0.0918633
0.324 -0.0915259
0.326 -0.0912089
0.328 -0.0909732
0.33 -0.09088
0.332 -0.0908787
0.334 -0.0908781
0.336 -0.0908781
0.338 -0.0908787
0.34 -0.09088
0.342 -0.0910139
0.344 -0.091331
0.346 -0.0917091
0.348 -0.0920261
0.35 -0.09216
0.352 -0.092161
0.354 -0.0921612
0.356 -0.0921608
0.358 -0.0921603
0.36 -0.09216
0.362 -0.0921597
0.364 -0.0921592
0.366 -0.0921588
0.368 -0.092159
0.37 -0.09216
0.372 -0.0922532
0.374 -0.0924888
0.376 -0.0928059
0.378 -0.0931433
0.38 -0.09344
0.382 -0.093696
0.384 -0.093952
0.386 -0.094208
0.388 -0.094464
0.39 -0.09472
0.392 -0.0949624
0.394 -0.0951911
0.396 -0.0954266
0.398 -0.0956894
0.4 -0.096
0.402 -0.0964844
0.404 -0.0971461
0.406 -0.0978216
0.408 -0.0983474
0.41 -0.09856
0.412 -0.0985611
0.414 -0.0985612
0.416 -0.0985608
0.418 -0.0985603
0.42 -0.09856
0.422 -0.0985603
0.424 -0.0985608
0.426 -0.0985612
0.428 -0.0985611
0.43 -0.09856
0.432 -0.0984261
0.434 -0.0981091
0.436 -0.097731
0.438 -0.0974139
0.44 -0.09728
0.442 -0.0972787
0.444 -0.0972781
0.446 -0.0972781
0.448 -0.0972787
0.45 -0.09728
0.452 -0.0973732
0.454 -0.0976089
0.456 -0.0979259
0.458 -0.0982633
0.46 -0.09856
0.462 -0.0988567
0.464 -0.0991941
0.466 -0.0995112
0.468 -0.0997468
0.47 -0.09984
0.472 -0.099841
0.474 -0.0998412
0.476 -0.0998408
0.478 -0.0998403
0.48 -0.09984
0.482 -0.09984
0.484 -0.09984
0.486 -0.09984
0.488 -0.09984
0.49 -0.09984
0.492 -0.09984
0.494 -0.09984
0.496 -0.09984
0.498 -0.09984
0.5 -0.09984
0.502 -0.0998397
0.504 -0.0998392
0.506 -0.0998388
0.508 -0.099839
0.51 -0.09984
0.512 -0.0999739
0.514 -0.100291
0.516 -0.100669
0.518 -0.100986
0.52 -0.10112
0.522 -0.101121
0.524 -0.101121
0.526 -0.101121
0.528 -0.10112
0.53 -0.10112
0.532 -0.10112
0.534 -0.10112
0.536 -0.10112
0.538 -0.10112
0.54 -0.10112
0.542 -0.10112
0.544 -0.101119
0.546 -0.101119
0.548 -0.101119
0.55 -0.10112
0.552 -0.101254
0.554 -0.101571
0.556 -0.101949
0.558 -0.102266
0.56 -0.1024
0.562 -0.102401
0.564 -0.1024
0.566 -0.1024
0.568 -0.102399
0.57 -0.1024
0.572 -0.102534
0.574 -0.102852
0.576 -0.10323
0.578 -0.103547
0.58 -0.10368
0.582 -0.103547
0.584 -0.103229
0.586 -0.102851
0.588 -0.102533
0.59 -0.1024
0.592 -0.102666
0.594 -0.1033
0.596 -0.104058
0.598 -0.104693
0.6 -0.10496
0.602 -0.104961
0.604 -0.10496
0.606 -0.10496
0.608 -0.104959
0.61 -0.10496
0.612 -0.105094
0.614 -0.105412
0.616 -0.10579
0.618 -0.106107
0.62 -0.10624
0.622 -0.105974
0.624 -0.10534
0.626 -0.104582
0.628 -0.103947
0.63 -0.10368
0.632 -0.103679
0.634 -0.10368
0.636 -0.10368
0.638 -0.103681
0.64 -0.10368
0.642 -0.103546
0.644 -0.103228
0.646 -0.10285
0.648 -0.102533
0.65 -0.1024
0.652 -0.102533
0.654 -0.10285
0.656 -0.103228
0.658 -0.103546
0.66 -0.10368
0.662 -0.103681
0.664 -0.103681
0.666 -0.103681
0.668 -0.10368
0.67 -0.10368
0.672 -0.10368
0.674 -0.10368
0.676 -0.10368
0.678 -0.10368
0.68 -0.10368
0.682 -0.10368
0.684 -0.103679
0.686 -0.103679
0.688 -0.103679
0.69 -0.10368
0.692 -0.103773
0.694 -0.104009
0.696 -0.104326
0.698 -0.104663
0.7 -0.10496
0.702 -0.105257
0.704 -0.105594
0.706 -0.105911
0.708 -0.106147
0.71 -0.10624
0.712 -0.106241
0.714 -0.106242
0.716 -0.106242
0.718 -0.106241
0.72 -0.10624
0.722 -0.106147
0.724 -0.105911
0.726 -0.105594
0.728 -0.105257
0.73 -0.10496
0.732 -0.104663
0.734 -0.104326
0.736 -0.104009
0.738 -0.103773
0.74 -0.10368
0.742 -0.103679
0.744 -0.103678
0.746 -0.103678
0.748 -0.103679
0.75 -0.10368
0.752 -0.103773
0.754 -0.104009
0.756 -0.104326
0.758 -0.104663
0.76 -0.10496
0.762 -0.105257
0.764 -0.105595
0.766 -0.105912
0.768 -0.106148
0.77 -0.10624
0.772 -0.106107
0.774 -0.10579
0.776 -0.105412
0.778 -0.105094
0.78 -0.10496
0.782 -0.104959
0.784 -0.104959
0.786 -0.104959
0.788 -0.10496
0.79 -0.10496
0.792 -0.10496
0.794 -0.104959
0.796 -0.104959
0.798 -0.104959
0.8 -0.10496
0.802 -0.10504
0.804 -0.105248
0.806 -0.105544
0.808 -0.105889
0.81 -0.10624
0.812 -0.106724
0.814 -0.107386
0.816 -0.108062
0.818 -0.108587
0.82 -0.1088
0.822 -0.108801
0.824 -0.108801
0.826 -0.108801
0.828 -0.1088
0.83 -0.1088
0.832 -0.1088
0.834 -0.1088
0.836 -0.1088
0.838 -0.1088
0.84 -0.1088
0.842 -0.1088
0.844 -0.1088
0.846 -0.1088
0.848 -0.1088
0.85 -0.1088
0.852 -0.1088
0.854 -0.108801
0.856 -0.108801
0.858 -0.108801
0.86 -0.1088
0.862 -0.108587
0.864 -0.108062
0.866 -0.107386
0.868 -0.106724
0.87 -0.10624
0.872 -0.105889
0.874 -0.105544
0.876 -0.105248
0.878 -0.10504
0.88 -0.10496
0.882 -0.104959
0.884 -0.104959
0.886 -0.104959
0.888 -0.10496
0.89 -0.10496
0.892 -0.10496
0.894 -0.104959
0.896 -0.104959
0.898 -0.104959
0.9 -0.10496
0.902 -0.105094
0.904 -0.105411
0.906 -0.105789
0.908 -0.106106
0.91 -0.10624
0.912 -0.106241
0.914 -0.106241
0.916 -0.106241
0.918 -0.10624
0.92 -0.10624
0.922 -0.10624
0.924 -0.106241
0.926 -0.106241
0.928 -0.106241
0.93 -0.10624
0.932 -0.105973
0.934 -0.105338
0.936 -0.104582
0.938 -0.103947
0.94 -0.10368
0.942 -0.103679
0.944 -0.103679
0.946 -0.103679
0.948 -0.10368
0.95 -0.10368
0.952 -0.10368
0.954 -0.10368
0.956 -0.10368
0.958 -0.10368
0.96 -0.10368
0.962 -0.10368
0.964 -0.103681
0.966 -0.103681
0.968 -0.103681
0.97 -0.10368
0.972 -0.103587
0.974 -0.103351
0.976 -0.103034
0.978 -0.102697
0.98 -0.1024
0.982 -0.102103
0.984 -0.101765
0.986 -0.101448
0.988 -0.101212
0.99 -0.10112
0.992 -0.10133
0.994 -0.101905
0.996 -0.102758
0.998 -0.103804
1 -0.10496
1.002 -0.106423
1.004 -0.108444
1.006 -0.111013
1.008 -0.114121
1.01 -0.11776
1.012 -0.12255
1.014 -0.129088
1.016 -0.137327
1.018 -0.14722
1.02 -0.15872
1.022 -0.173919
1.024 -0.194488
1.026 -0.219744
1.028 -0.249009
1.03 -0.2816
1.032 -0.322206
1.034 -0.373643
1.036 -0.432424
1.038 -0.495066
1.04 -0.55808
1.042 -0.630163
1.044 -0.714013
1.046 -0.797149
1.048 -0.867092
1.05 -0.91136
1.052 -0.937599
1.054 -0.960732
1.056 -0.979193
1.058 -0.991418
1.06 -0.99584
1.062 -0.966758
1.064 -0.889906
1.066 -0.780875
1.068 -0.655256
1.07 -0.52864
1.072 -0.385881
1.074 -0.211593
1.076 -0.0210034
1.078 0.170657
1.08 0.34816
1.082 0.527978
1.084 0.720482
1.086 0.901284
1.088 1.046
1.09 1.13024
1.092 1.17358
1.094 1.21058
1.096 1.23935
1.098 1.258
1.1 1.26464
1.102 1.22448
1.104 1.12062
1.106 0.977955
1.108 0.821393
1.11 0.67584
1.112 0.527424
1.114 0.358787
1.116 0.189606
1.118 0.0395579
1.12 -0.07168
1.122 -0.157272
1.124 -0.238058
1.126 -0.305871
1.128 -0.352547
1.13 -0.36992
1.132 -0.358466
1.134 -0.3288
1.136 -0.287966
1.138 -0.243004
1.14 -0.20096
1.142 -0.154992
1.144 -0.100137
1.146 -0.0462493
1.148 -0.0031851
1.15 0.0192
1.152 0.0273359
1.154 0.0340681
1.156 0.0391643
1.158 0.0423924
1.16 0.04352
1.162 0.0370475
1.164 0.0208258
1.166 -0.000351669
1.168 -0.0216914
1.17 -0.0384
1.172 -0.0502182
1.174 -0.0605995
1.176 -0.0703198
1.178 -0.0801548
1.18 -0.09088
1.182 -0.101997
1.184 -0.113026
1.186 -0.124768
1.188 -0.138025
1.19 -0.1536
1.192 -0.175361
1.194 -0.203756
1.196 -0.234454
1.198 -0.263126
1.2 -0.28544
1.202 -0.303685
1.204 -0.321607
1.206 -0.337063
1.208 -0.347909
1.21 -0.352
1.212 -0.339663
1.214 -0.307463
1.216 -0.262616
1.218 -0.212336
1.22 -0.16384
1.222 -0.105493
1.224 -0.0317227
1.226 0.0411619
1.228 0.0968524
1.23 0.11904
1.232 0.114242
1.234 0.100705
1.236 0.0797104
1.238 0.0525412
1.24 0.02048
1.242 -0.0465815
1.244 -0.164948
1.246 -0.312632
1.248 -0.467645
1.25 -0.608
1.252 -0.753807
1.254 -0.919726
1.256 -1.07559
1.258 -1.19123
1.26 -1.23648
1.262 -1.23529
1.264 -1.23177
1.266 -1.22604
1.268 -1.21819
1.27 -1.20832
1.272 -1.15066
1.274 -1.01953
1.276 -0.845164
1.278 -0.657801
1.28 -0.48768
1.282 -0.320932
1.284 -0.137241
1.286 0.0428195
1.288 0.198677
1.29 0.30976
1.292 0.390757
1.294 0.465553
1.296 0.527372
1.298 0.569433
1.3 0.58496
1.302 0.567793
1.304 0.523372
1.306 0.462319
1.308 0.395255
1.31 0.3328
1.312 0.265478
1.314 0.185862
1.316 0.107652
1.318 0.0445453
1.32 0.01024
1.322 -0.00410273
1.324 -0.0161228
1.326 -0.0253234
1.328 -0.0312081
1.33 -0.03328
1.332 -0.0194651
1.334 0.0157934
1.336 0.0632165
1.338 0.113525
1.34 0.15744
1.342 0.200822
1.344 0.249861
1.346 0.295769
1.348 0.329758
1.35 0.34304
1.352 0.342829
1.354 0.342202
1.356 0.341169
1.358 0.339739
1.36 0.33792
1.362 0.319
1.364 0.272821
1.366 0.209222
1.368 0.138041
1.37 0.06912
1.372 -0.00488448
1.374 -0.091607
1.376 -0.181647
1.378 -0.265605
1.38 -0.33408
1.382 -0.39424
1.384 -0.4544
1.386 -0.50688
1.388 -0.544
1.39 -0.55808
1.392 -0.54711
1.394 -0.517643
1.396 -0.474845
1.398 -0.423882
1.4 -0.36992
1.402 -0.298997
1.404 -0.202849
1.406 -0.0951857
1.408 0.0102811
1.41 0.09984
1.412 0.183088
1.414 0.270198
1.416 0.348324
1.418 0.40462
1.42 0.42624
1.422 0.419711
1.424 0.401789
1.426 0.374971
1.428 0.341755
1.43 0.30464
1.432 0.247092
1.434 0.160006
1.436 0.0570228
1.438 -0.0482192
1.44 -0.14208
1.442 -0.231424
1.444 -0.325482
1.446 -0.414164
1.448 -0.48738
1.45 -0.53504
1.452 -0.565462
1.454 -0.592427
1.456 -0.614036
1.458 -0.628393
1.46 -0.6336
1.462 -0.623895
1.464 -0.598905
1.466 -0.564814
1.468 -0.527811
1.47 -0.49408
1.472 -0.460539
1.474 -0.422992
1.476 -0.385961
1.478 -0.353963
1.48 -0.33152
1.482 -0.316447
1.484 -0.303542
1.486 -0.292798
1.488 -0.284206
1.49 -0.27776
1.492 -0.27345
1.494 -0.270563
1.496 -0.26804
1.498 -0.264819
1.5 -0.25984
1.502 -0.248293
1.504 -0.227996
1.506 -0.201824
1.508 -0.172653
1.51 -0.14336
1.512 -0.110198
1.514 -0.0706774
1.516 -0.0295619
1.518 0.00838503
1.52 0.0384
1.522 0.0636398
1.524 0.0884523
1.526 0.109861
1.528 0.124889
1.53 0.13056
1.532 0.125829
1.534 0.113142
1.536 0.0947558
1.538 0.0729293
1.54 0.04992
1.542 0.0199138
1.544 -0.0205146
1.546 -0.0655238
1.548 -0.109273
1.55 -0.14592
1.552 -0.179301
1.554 -0.213854
1.556 -0.244645
1.558 -0.266739
1.56 -0.2752
1.562 -0.270704
1.564 -0.258487
1.566 -0.240454
1.568 -0.21851
1.57 -0.19456
1.572 -0.16014
1.574 -0.1106
1.576 -0.0535663
1.578 0.00333575
1.58 0.05248
1.582 0.0993916
1.584 0.149473
1.586 0.194915
1.588 0.227907
1.59 0.24064
1.592 0.23654
1.594 0.225269
1.596 0.208368
1.598 0.187378
1.6 0.16384
1.602 0.125674
1.604 0.0668775
1.606 -0.00189233
1.608 -0.0699774
1.61 -0.12672
1.612 -0.178032
1.614 -0.231671
1.616 -0.279751
1.618 -0.314383
1.62 -0.32768
1.622 -0.319075
1.624 -0.295824
1.626 -0.261771
1.628 -0.220761
1.63 -0.17664
1.632 -0.115926
1.634 -0.0310291
1.636 0.0653663
1.638 0.160577
1.64 0.24192
1.642 0.318252
1.644 0.398783
1.646 0.471355
1.648 0.523813
1.65 0.544
1.652 0.538249
1.654 0.522499
1.656 0.498999
1.658 0.470003
1.66 0.43776
1.662 0.386852
1.664 0.309772
1.666 0.220642
1.668 0.133584
1.67 0.06272
1.672 0.000934021
1.674 -0.0624372
1.676 -0.118595
1.678 -0.158742
1.68 -0.17408
1.682 -0.17049
1.684 -0.161262
1.686 -0.148709
1.688 -0.135144
1.69 -0.12288
1.692 -0.10995
1.694 -0.0947983
1.696 -0.0803509
1.698 -0.0695356
1.7 -0.06528
1.702 -0.0806052
1.704 -0.120881
1.706 -0.177558
1.708 -0.242088
1.71 -0.30592
1.712 -0.379792
1.714 -0.471161
1.716 -0.566553
1.718 -0.652497
1.72 -0.71552
1.722 -0.762819
1.724 -0.807534
1.726 -0.845112
1.728 -0.870999
1.73 -0.88064
1.732 -0.863427
1.734 -0.818198
1.736 -0.754567
1.738 -0.68215
1.74 -0.61056
1.742 -0.529322
1.744 -0.430082
1.746 -0.325636
1.748 -0.228783
1.75 -0.15232
1.752 -0.0882777
1.754 -0.025226
1.756 0.0292286
1.758 0.0674794
1.76 0.08192
1.762 0.0744264
1.764 0.0544729
1.766 0.0258502
1.768 -0.00765106
1.77 -0.04224
1.772 -0.0844383
1.774 -0.138841
1.776 -0.198769
1.778 -0.257542
1.78 -0.30848
1.782 -0.353369
1.784 -0.397127
1.786 -0.437768
1.788 -0.473307
1.79 -0.50176
1.792 -0.526464
1.794 -0.550307
1.796 -0.57063
1.798 -0.584774
1.8 -0.59008
1.802 -0.588835
1.804 -0.58527
1.806 -0.57964
1.808 -0.572198
1.81 -0.5632
1.812 -0.541803
1.814 -0.500808
1.816 -0.445937
1.818 -0.382907
1.82 -0.31744
1.822 -0.241282
1.824 -0.147706
1.826 -0.0447206
1.828 0.0596644
1.83 0.15744
1.832 0.258681
1.834 0.368767
1.836 0.472649
1.838 0.555277
1.84 0.6016
1.842 0.623341
1.844 0.6417
1.846 0.655845
1.848 0.664942
1.85 0.66816
1.852 0.644168
1.854 0.582103
1.856 0.496835
1.858 0.403231
1.86 0.31616
1.862 0.227984
1.864 0.12833
1.866 0.0279631
1.868 -0.0623489
1.87 -0.13184
1.872 -0.188255
1.874 -0.242532
1.876 -0.288698
1.878 -0.320779
1.88 -0.3328
1.882 -0.325234
1.884 -0.304932
1.886 -0.275484
1.888 -0.240483
1.89 -0.20352
1.892 -0.156697
1.894 -0.0944505
1.896 -0.0238709
1.898 0.0479498
1.9 0.11392
1.902 0.179087
1.904 0.248225
1.906 0.313835
1.908 0.36842
1.91 0.40448
1.912 0.428018
1.914 0.449008
1.916 0.465909
1.918 0.47718
1.92 0.48128
1.922 0.467459
1.924 0.43096
1.926 0.379228
1.928 0.319706
1.93 0.25984
1.932 0.19209
1.934 0.109222
1.936 0.0191417
1.938 -0.0702473
1.94 -0.15104
1.942 -0.229806
1.944 -0.312121
1.946 -0.388589
1.948 -0.449814
1.95 -0.4864
1.952 -0.506449
1.954 -0.523695
1.956 -0.537188
1.958 -0.545979
1.96 -0.54912
1.962 -0.534335
1.964 -0.495343
1.966 -0.440192
1.968 -0.376929
1.97 -0.3136
1.972 -0.244921
1.974 -0.163329
1.976 -0.0734526
1.978 0.0200799
1.98 0.11264
1.982 0.208541
1.984 0.311009
1.986 0.413782
1.988 0.510599
1.99 0.5952
1.992 0.67698
1.994 0.7615
1.996 0.836746
1.998 0.890704
2 0.91136
2.002 0.903738
2.004 0.882554
2.006 0.850334
2.008 0.809601
2.01 0.76288
2.012 0.684253
2.014 0.558052
2.016 0.402172
2.018 0.234509
2.02 0.07296
2.022 -0.0937285
2.024 -0.278173
2.026 -0.46452
2.028 -0.63692
2.03 -0.77952
2.032 -0.90752
2.034 -1.03572
2.036 -1.14766
2.038 -1.22689
2.04 -1.25696
2.042 -1.2501
2.044 -1.23112
2.046 -1.20237
2.048 -1.16625
2.05 -1.12512
2.052 -1.05733
2.054 -0.950311
2.056 -0.820106
2.058 -0.68274
2.06 -0.55424
2.062 -0.426611
2.064 -0.28909
2.066 -0.15356
2.068 -0.0319029
2.07 0.064
2.072 0.14482
2.074 0.223204
2.076 0.290234
2.078 0.336992
2.08 0.35456
2.082 0.345154
2.084 0.319839
2.086 0.282971
2.088 0.238906
2.09 0.192
2.092 0.130395
2.094 0.0466393
2.096 -0.0482972
2.098 -0.143446
2.1 -0.22784
2.102 -0.30771
2.104 -0.390688
2.106 -0.467908
2.108 -0.530501
2.11 -0.5696
2.112 -0.592935
2.114 -0.613298
2.116 -0.629418
2.118 -0.640023
2.12 -0.64384
2.122 -0.633298
2.124 -0.605813
2.126 -0.567599
2.128 -0.52487
2.13 -0.48384
2.132 -0.440531
2.134 -0.390223
2.136 -0.338018
2.138 -0.289017
2.14 -0.24832
2.142 -0.211643
2.144 -0.174572
2.146 -0.142015
2.148 -0.118882
2.15 -0.11008
2.152 -0.112827
2.154 -0.120319
2.156 -0.131429
2.158 -0.145031
2.16 -0.16
2.162 -0.183021
2.164 -0.217233
2.166 -0.25619
2.168 -0.293448
2.17 -0.32256
2.172 -0.346396
2.174 -0.37013
2.176 -0.390779
2.178 -0.405357
2.18 -0.41088
2.182 -0.400739
2.184 -0.373288
2.186 -0.332988
2.188 -0.284298
2.19 -0.23168
2.192 -0.162862
2.194 -0.0684621
2.196 0.0427291
2.198 0.16192
2.2 0.28032
2.202 0.406239
2.204 0.546253
2.206 0.688972
2.208 0.823004
2.21 0.93696
2.212 1.0431
2.214 1.15142
2.216 1.24712
2.218 1.31539
2.22 1.34144
2.222 1.33475
2.224 1.31613
2.226 1.28781
2.228 1.25199
2.23 1.21088
2.232 1.14173
2.234 1.03063
2.236 0.89305
2.238 0.744459
2.24 0.60032
2.242 0.452723
2.244 0.290558
2.246 0.124496
2.248 -0.0347937
2.25 -0.17664
2.252 -0.311287
2.254 -0.447322
2.256 -0.571584
2.258 -0.670916
2.26 -0.73216
2.262 -0.768209
2.264 -0.799486
2.266 -0.824131
2.268 -0.840283
2.27 -0.84608
2.272 -0.830833
2.274 -0.791584
2.276 -0.738071
2.278 -0.68003
2.28 -0.6272
2.282 -0.574302
2.284 -0.514743
2.286 -0.456288
2.288 -0.406706
2.29 -0.37376
2.292 -0.352334
2.294 -0.333112
2.296 -0.317562
2.298 -0.307155
2.3 -0.30336
2.302 -0.3106
2.304 -0.329586
2.306 -0.356215
2.308 -0.386387
2.31 -0.416
2.312 -0.448012
2.314 -0.485849
2.316 -0.526113
2.318 -0.565403
2.32 -0.60032
2.322 -0.63492
2.324 -0.671731
2.326 -0.705067
2.328 -0.729239
2.33 -0.73856
2.332 -0.737884
2.334 -0.735917
2.336 -0.732753
2.338 -0.728483
2.34 -0.7232
2.342 -0.704412
2.344 -0.66458
2.346 -0.61123
2.348 -0.551888
2.35 -0.49408
2.352 -0.433449
2.354 -0.36416
2.356 -0.291522
2.358 -0.220846
2.36 -0.15744
2.362 -0.0993167
2.364 -0.0424828
2.366 0.0107615
2.368 0.0581158
2.37 0.09728
2.372 0.128604
2.374 0.15526
2.376 0.179183
2.378 0.202305
2.38 0.22656
2.382 0.250998
2.384 0.274332
2.386 0.297991
2.388 0.323404
2.39 0.352
2.392 0.385716
2.394 0.424238
2.396 0.465613
2.398 0.507891
2.4 0.54912
2.402 0.591822
2.404 0.637302
2.406 0.681784
2.408 0.721489
2.41 0.75264
2.412 0.778752
2.414 0.803974
2.416 0.825484
2.418 0.840461
2.42 0.84608
2.422 0.839992
2.424 0.823465
2.426 0.799101
2.428 0.769505
2.43 0.73728
2.432 0.694433
2.434 0.634837
2.436 0.563897
2.438 0.487017
2.44 0.4096
2.442 0.327907
2.444 0.237561
2.446 0.143004
2.448 0.0486822
2.45 -0.04096
2.452 -0.127978
2.454 -0.215414
2.456 -0.300301
2.458 -0.379671
2.46 -0.45056
2.462 -0.513845
2.464 -0.572581
2.466 -0.627067
2.468 -0.677601
2.47 -0.72448
2.472 -0.767435
2.474 -0.806843
2.476 -0.843973
2.478 -0.880096
2.48 -0.91648
2.482 -0.953396
2.484 -0.990019
2.486 -1.02598
2.488 -1.06089
2.49 -1.0944
2.492 -1.12862
2.494 -1.16389
2.496 -1.19715
2.498 -1.22536
2.5 -1.24544
2.502 -1.26024
2.504 -1.27382
2.506 -1.28499
2.508 -1.29257
2.51 -1.29536
2.512 -1.2887
2.514 -1.27078
2.516 -1.24467
2.518 -1.21344
2.52 -1.18016
2.522 -1.13871
2.524 -1.08376
2.526 -1.01959
2.528 -0.95046
2.53 -0.88064
2.532 -0.807343
2.534 -0.727111
2.536 -0.643208
2.538 -0.558896
2.54 -0.47744
2.542 -0.398018
2.544 -0.31844
2.546 -0.239917
2.548 -0.16366
2.55 -0.09088
2.552 -0.0221599
2.554 0.04352
2.556 0.107352
2.558 0.170528
2.56 0.23424
2.562 0.298598
2.564 0.362811
2.566 0.426717
2.568 0.490153
2.57 0.55296
2.572 0.618338
2.574 0.686406
2.576 0.752377
2.578 0.811464
2.58 0.85888
2.582 0.899912
2.584 0.939934
2.586 0.974288
2.588 0.998316
2.59 1.00736
2.592 1.00014
2.594 0.980733
2.596 0.95252
2.598 0.918882
2.6 0.8832
2.602 0.837663
2.604 0.776739
2.606 0.707223
2.608 0.635912
2.61 0.5696
2.612 0.505895
2.614 0.440257
2.616 0.376264
2.618 0.317492
2.62 0.26752
2.622 0.225049
2.624 0.186349
2.626 0.151349
2.628 0.119977
2.63 0.09216
2.632 0.0685904
2.634 0.0485794
2.636 0.0299851
2.638 0.0106658
2.64 -0.01152
2.642 -0.0365217
2.644 -0.0632133
2.646 -0.0921241
2.648 -0.123783
2.65 -0.15872
2.652 -0.198938
2.654 -0.245052
2.656 -0.295504
2.658 -0.348739
2.66 -0.4032
2.662 -0.460958
2.664 -0.523347
2.666 -0.587704
2.668 -0.651369
2.67 -0.71168
2.672 -0.772979
2.674 -0.837135
2.676 -0.897777
2.678 -0.948536
2.68 -0.98304
2.682 -1.00668
2.684 -1.02799
2.686 -1.04528
2.688 -1.05688
2.69 -1.06112
2.692 -1.0475
2.694 -1.01123
2.696 -0.959257
2.698 -0.898486
2.7 -0.83584
2.702 -0.762746
2.704 -0.670941
2.706 -0.567811
2.708 -0.460742
2.71 -0.35712
2.712 -0.253474
2.714 -0.144822
2.716 -0.0362796
2.718 0.0670336
2.72 0.16
2.722 0.245076
2.724 0.32667
2.726 0.402589
2.728 0.470643
2.73 0.52864
2.732 0.577238
2.734 0.619838
2.736 0.658364
2.738 0.694737
2.74 0.73088
2.742 0.765547
2.744 0.797585
2.746 0.829057
2.748 0.862028
2.75 0.89856
2.752 0.941188
2.754 0.988962
2.756 1.03872
2.758 1.08729
2.76 1.13152
2.762 1.1768
2.764 1.22547
2.766 1.26981
2.768 1.30208
2.77 1.31456
2.772 1.30948
2.774 1.29527
2.776 1.27349
2.778 1.2457
2.78 1.21344
2.782 1.15754
2.784 1.0653
2.786 0.948024
2.788 0.816998
2.79 0.68352
2.792 0.537564
2.794 0.368525
2.796 0.186832
2.798 0.00291407
2.8 -0.1728
2.802 -0.348895
2.804 -0.532346
2.806 -0.710309
2.808 -0.869941
2.81 -0.9984
2.812 -1.10996
2.814 -1.21896
2.816 -1.31263
2.818 -1.37819
2.82 -1.40288
2.822 -1.39431
2.824 -1.37088
2.826 -1.33599
2.828 -1.29304
2.83 -1.24544
2.832 -1.17636
2.834 -1.07509
2.836 -0.954218
2.838 -0.826326
2.84 -0.704
2.842 -0.582815
2.844 -0.454184
2.846 -0.324449
2.848 -0.199954
2.85 -0.08704
2.852 0.0185218
2.854 0.121914
2.856 0.218221
2.858 0.302528
2.86 0.36992
2.862 0.428288
2.864 0.484614
2.866 0.532621
2.868 0.566029
2.87 0.57856
2.872 0.575843
2.874 0.568311
2.876 0.556888
2.878 0.542503
2.88 0.52608
2.882 0.499211
2.884 0.456712
2.886 0.404353
2.888 0.3479
2.89 0.29312
2.892 0.23818
2.894 0.178947
2.896 0.117745
2.898 0.056895
2.9 -0.00128
2.902 -0.0570602
2.904 -0.112045
2.906 -0.165892
2.908 -0.218258
2.91 -0.2688
2.912 -0.317355
2.914 -0.364262
2.916 -0.409932
2.918 -0.454775
2.92 -0.4992
2.922 -0.543436
2.924 -0.587234
2.926 -0.63029
2.928 -0.6723
2.93 -0.71296
2.932 -0.753059
2.934 -0.792872
2.936 -0.831324
2.938 -0.867338
2.94 -0.89984
2.942 -0.930344
2.944 -0.960007
2.946 -0.987219
2.948 -1.01037
2.95 -1.02784
2.952 -1.04192
2.954 -1.05511
2.956 -1.06613
2.958 -1.07368
2.96 -1.07648
2.962 -1.0737
2.964 -1.0661
2.966 -1.05477
2.968 -1.0408
2.97 -1.02528
2.972 -1.0038
2.974 -0.972788
2.976 -0.934596
2.978 -0.891576
2.98 -0.84608
2.982 -0.794513
2.984 -0.733717
2.986 -0.666704
2.988 -0.596488
2.99 -0.52608
2.992 -0.452085
2.994 -0.372288
2.996 -0.291472
2.998 -0.214421
3 -0.14592
3.002 -0.0795035
3.004 -0.0111796
3.006 0.05056
3.008 0.0972237
3.01 0.12032
3.012 0.128145
3.014 0.134537
3.016 0.139321
3.018 0.142321
3.02 0.14336
3.022 0.131671
3.024 0.102866
3.026 0.0663381
3.028 0.0314785
3.03 0.00768
3.032 -0.00746566
3.034 -0.0216917
3.036 -0.0335928
3.038 -0.041764
3.04 -0.0448
3.042 -0.0332081
3.044 -0.00244682
3.046 0.0414626
3.048 0.0924987
3.05 0.14464
3.052 0.203977
3.054 0.277134
3.056 0.358896
3.058 0.444043
3.06 0.52736
3.062 0.610876
3.064 0.698164
3.066 0.786318
3.068 0.872432
3.07 0.9536
3.072 1.03202
3.074 1.10989
3.076 1.18425
3.078 1.25217
3.08 1.31072
3.082 1.3664
3.084 1.42269
3.086 1.47213
3.088 1.50727
3.09 1.52064
3.092 1.51937
3.094 1.5157
3.096 1.50984
3.098 1.50203
3.1 1.49248
3.102 1.46545
3.104 1.41105
3.106 1.3383
3.108 1.2562
3.11 1.17376
3.112 1.0849
3.114 0.98151
3.116 0.869559
3.118 0.755013
3.12 0.64384
3.122 0.533643
3.124 0.420436
3.126 0.307799
3.128 0.199313
3.13 0.09856
3.132 0.00353725
3.134 -0.0887257
3.136 -0.176101
3.138 -0.256462
3.14 -0.32768
3.142 -0.391957
3.144 -0.452138
3.146 -0.507061
3.148 -0.555562
3.15 -0.59648
3.152 -0.630751
3.154 -0.660786
3.156 -0.687639
3.158 -0.71236
3.16 -0.736
3.162 -0.757512
3.164 -0.776438
3.166 -0.794721
3.168 -0.814301
3.17 -0.83712
3.172 -0.863874
3.174 -0.893882
3.176 -0.927026
3.178 -0.963186
3.18 -1.00224
3.182 -1.04715
3.184 -1.09885
3.186 -1.15421
3.188 -1.21009
3.19 -1.26336
3.192 -1.31878
3.194 -1.37845
3.196 -1.43524
3.198 -1.48203
3.2 -1.51168
3.202 -1.52964
3.204 -1.54542
3.206 -1.55798
3.208 -1.56628
3.21 -1.56928
3.212 -1.55564
3.214 -1.51959
3.216 -1.46848
3.218 -1.40964
3.22 -1.3504
3.222 -1.2848
3.224 -1.20567
3.226 -1.11851
3.228 -1.02881
3.23 -0.94208
3.232 -0.856503
3.234 -0.768401
3.236 -0.680463
3.238 -0.59538
3.24 -0.51584
3.242 -0.441979
3.244 -0.371631
3.246 -0.304038
3.248 -0.23844
3.25 -0.17408
3.252 -0.112079
3.254 -0.0528396
3.256 0.00547964
3.258 0.0647193
3.26 0.12672
3.262 0.192122
3.264 0.259803
3.266 0.328958
3.268 0.398785
3.27 0.46848
3.272 0.540904
3.274 0.616599
3.276 0.691282
3.278 0.76067
3.28 0.82048
3.282 0.877277
3.284 0.935211
3.286 0.98638
3.288 1.02288
3.29 1.0368
3.292 1.03318
3.294 1.02308
3.296 1.00762
3.298 0.987929
3.3 0.96512
3.302 0.92497
3.304 0.858765
3.306 0.775899
3.308 0.685766
3.31 0.59776
3.312 0.506705
3.314 0.40566
3.316 0.301375
3.318 0.200599
3.32 0.11008
3.322 0.0241049
3.324 -0.062566
3.326 -0.142473
3.328 -0.208158
3.33 -0.25216
3.332 -0.281909
3.334 -0.308488
3.336 -0.329921
3.338 -0.344231
3.34 -0.34944
3.342 -0.341789
3.344 -0.322034
3.346 -0.294968
3.348 -0.265385
3.35 -0.23808
3.352 -0.208113
3.354 -0.172181
3.356 -0.137537
3.358 -0.111433
3.36 -0.10112
3.362 -0.101627
3.364 -0.1031
3.366 -0.105473
3.368 -0.108676
3.37 -0.11264
3.372 -0.127723
3.374 -0.159667
3.376 -0.201477
3.378 -0.246159
3.38 -0.28672
3.382 -0.327808
3.384 -0.374106
3.386 -0.418677
3.388 -0.454581
3.39 -0.47488
3.392 -0.484459
3.394 -0.492574
3.396 -0.498845
3.398 -0.502887
3.4 -0.50432
3.402 -0.491428
3.404 -0.457605
3.406 -0.410132
3.408 -0.35629
3.41 -0.30336
3.412 -0.246451
3.414 -0.179429
3.416 -0.10771
3.418 -0.036708
3.42 0.02816
3.422 0.0910092
3.424 0.155669
3.426 0.216297
3.428 0.267048
3.43 0.30208
3.432 0.326743
3.434 0.349077
3.436 0.367272
3.438 0.379516
3.44 0.384
3.442 0.378288
3.444 0.363332
3.446 0.3424
3.448 0.31876
3.45 0.29568
3.452 0.270824
3.454 0.241533
3.456 0.21059
3.458 0.180778
3.46 0.15488
3.462 0.132505
3.464 0.11148
3.466 0.0919143
3.468 0.0739175
3.47 0.0576
3.472 0.0435822
3.474 0.0315161
3.476 0.020059
3.478 0.00786785
3.48 -0.0064
3.482 -0.0231739
3.484 -0.0419132
3.486 -0.0625055
3.488 -0.0848386
3.49 -0.1088
3.492 -0.136227
3.494 -0.167641
3.496 -0.200957
3.498 -0.234092
3.5 -0.26496
3.502 -0.295501
3.504 -0.327162
3.506 -0.35712
3.508 -0.382554
3.51 -0.40064
3.512 -0.413921
3.514 -0.426109
3.516 -0.436137
3.518 -0.442936
3.52 -0.44544
3.522 -0.442678
3.524 -0.435566
3.526 -0.425868
3.528 -0.415345
3.53 -0.40576
3.532 -0.396099
3.534 -0.385169
3.536 -0.374461
3.538 -0.365467
3.54 -0.35968
3.542 -0.356614
3.544 -0.354445
3.546 -0.352657
3.548 -0.350734
3.55 -0.34816
3.552 -0.34502
3.554 -0.341503
3.556 -0.337254
3.558 -0.331912
3.56 -0.32512
3.562 -0.313288
3.564 -0.294334
3.566 -0.270159
3.568 -0.242667
3.57 -0.21376
3.572 -0.180364
3.574 -0.140053
3.576 -0.0957041
3.578 -0.0501943
3.58 -0.0064
3.582 0.038293
3.584 0.0858049
3.586 0.132218
3.588 0.173616
3.59 0.20608
3.592 0.23328
3.594 0.259541
3.596 0.281929
3.598 0.297514
3.6 0.30336
3.602 0.299979
3.604 0.290912
3.606 0.277777
3.608 0.262187
3.61 0.24576
3.612 0.224699
3.614 0.196566
3.616 0.165012
3.618 0.133686
3.62 0.10624
3.622 0.0806136
3.624 0.0542075
3.626 0.0298626
3.628 0.0104198
3.63 -0.00128
3.632 -0.00781394
3.634 -0.0134435
3.636 -0.0178541
3.638 -0.0207311
3.64 -0.02176
3.642 -0.0184821
3.644 -0.0100831
3.646 0.00128498
3.648 0.01347
3.65 0.02432
3.652 0.0351397
3.654 0.0473667
3.656 0.0590478
3.658 0.06823
3.66 0.07296
3.662 0.0746784
3.664 0.0760963
3.666 0.0771672
3.668 0.077844
3.67 0.07808
3.672 0.0758169
3.674 0.0704205
3.676 0.0639795
3.678 0.058583
3.68 0.05632
3.682 0.0575238
3.684 0.0608019
3.686 0.0656541
3.688 0.0715802
3.69 0.07808
3.692 0.0881839
3.694 0.103212
3.696 0.120101
3.698 0.135785
3.7 0.1472
3.702 0.155547
3.704 0.163509
3.706 0.170241
3.708 0.1749
3.71 0.17664
3.712 0.1705
3.714 0.154175
3.716 0.130808
3.718 0.103542
3.72 0.07552
3.722 0.0427253
3.724 0.00151047
3.726 -0.044427
3.728 -0.0913896
3.73 -0.13568
3.732 -0.180366
3.734 -0.227914
3.736 -0.273728
3.738 -0.313209
3.74 -0.34176
3.742 -0.363142
3.744 -0.38296
3.746 -0.399384
3.748 -0.410581
3.75 -0.41472
3.752 -0.409626
3.754 -0.396262
3.756 -0.37751
3.758 -0.356249
3.76 -0.33536
3.762 -0.311281
3.764 -0.281592
3.766 -0.250887
3.768 -0.223758
3.77 -0.2048
3.772 -0.191602
3.774 -0.179424
3.776 -0.169365
3.778 -0.162524
3.78 -0.16
3.782 -0.165942
3.784 -0.181462
3.786 -0.203098
3.788 -0.227391
3.79 -0.25088
3.792 -0.276382
3.794 -0.306595
3.796 -0.337881
3.798 -0.366602
3.8 -0.38912
3.802 -0.407825
3.804 -0.426106
3.806 -0.441818
3.808 -0.452817
3.81 -0.45696
3.812 -0.454247
3.814 -0.44703
3.816 -0.436689
3.818 -0.424605
3.82 -0.41216
3.822 -0.396783
3.824 -0.37684
3.826 -0.355114
3.828 -0.334386
3.83 -0.31744
3.832 -0.302841
3.834 -0.288345
3.836 -0.275515
3.838 -0.265918
3.84 -0.26112
3.842 -0.259595
3.844 -0.258592
3.846 -0.257839
3.848 -0.257066
3.85 -0.256
3.852 -0.254753
3.854 -0.253465
3.856 -0.251905
3.858 -0.24984
3.86 -0.24704
3.862 -0.239782
3.864 -0.225729
3.866 -0.206729
3.868 -0.18463
3.87 -0.16128
3.872 -0.133822
3.874 -0.0996159
3.876 -0.0608346
3.878 -0.0196516
3.88 0.02176
3.882 0.0654094
3.884 0.112962
3.886 0.161731
3.888 0.209026
3.89 0.25216
3.892 0.294127
3.894 0.336988
3.896 0.376657
3.898 0.40905
3.9 0.43008
3.902 0.443558
3.904 0.455469
3.906 0.464995
3.908 0.471312
3.91 0.4736
3.912 0.467813
3.914 0.452501
3.916 0.430739
3.918 0.4056
3.92 0.38016
3.922 0.352056
3.924 0.318161
3.926 0.280397
3.928 0.240689
3.93 0.20096
3.932 0.160243
3.934 0.117126
3.936 0.0728628
3.938 0.0287092
3.94 -0.01408
3.942 -0.0564812
3.944 -0.0993467
3.946 -0.141236
3.948 -0.180707
3.95 -0.21632
3.952 -0.249945
3.954 -0.282984
3.956 -0.31329
3.958 -0.338717
3.96 -0.35712
3.962 -0.371118
3.964 -0.383997
3.966 -0.394614
3.968 -0.401823
3.97 -0.40448
3.972 -0.402351
3.974 -0.396609
3.976 -0.388219
3.978 -0.378148
3.98 -0.36736
3.982 -0.353701
3.984 -0.335377
3.986 -0.313899
3.988 -0.290777
3.99 -0.26752
3.992 -0.243225
3.994 -0.216696
3.996 -0.189001
3.998 -0.161213
4 -0.1344
4.002 -0.107464
4.004 -0.0796846
4.006 -0.0527014
4.008 -0.0281535
4.01 -0.00768
4.012 0.0108776
4.014 0.0292897
4.016 0.045335
4.018 0.0567922
4.02 0.06144
4.022 0.0618948
4.024 0.0622525
4.026 0.0625107
4.028 0.0626673
4.03 0.06272
4.032 0.060515
4.034 0.0551321
4.036 0.0484198
4.038 0.0422263
4.04 0.0384
4.042 0.0364373
4.044 0.034688
4.046 0.03328
4.048 0.0323413
4.05 0.032
4.052 0.033457
4.054 0.0369854
4.056 0.0413213
4.058 0.0452008
4.06 0.04736
4.062 0.048188
4.064 0.0488931
4.066 0.0494402
4.068 0.0497942
4.07 0.04992
4.072 0.0471143
4.074 0.039711
4.076 0.0292305
4.078 0.0171934
4.08 0.00512
4.082 -0.00848875
4.084 -0.0250815
4.086 -0.0430618
4.088 -0.0608334
4.09 -0.0768
4.092 -0.0926574
4.094 -0.109545
4.096 -0.125032
4.098 -0.136688
4.1 -0.14208
4.102 -0.143408
4.104 -0.144476
4.106 -0.145265
4.108 -0.145753
4.11 -0.14592
4.112 -0.142126
4.114 -0.132593
4.116 -0.120092
4.118 -0.107397
4.12 -0.09728
4.122 -0.0887603
4.124 -0.0798746
4.126 -0.0719207
4.128 -0.0661965
4.13 -0.064
4.132 -0.066359
4.134 -0.0726643
4.136 -0.081758
4.138 -0.0924825
4.14 -0.10368
4.142 -0.117315
4.144 -0.134962
4.146 -0.154879
4.148 -0.175326
4.15 -0.19456
4.152 -0.213377
4.154 -0.232938
4.156 -0.25205
4.158 -0.269522
4.16 -0.28416
4.162 -0.296406
4.164 -0.307508
4.166 -0.317478
4.168 -0.326331
4.17 -0.33408
4.172 -0.340982
4.174 -0.347269
4.176 -0.352922
4.178 -0.357919
4.18 -0.36224
4.182 -0.366382
4.184 -0.370509
4.186 -0.374102
4.188 -0.376639
4.19 -0.3776
4.192 -0.376613
4.194 -0.37387
4.196 -0.369701
4.198 -0.364434
4.2 -0.3584
4.202 -0.348721
4.204 -0.333402
4.206 -0.31409
4.208 -0.292433
4.21 -0.27008
4.212 -0.245253
4.214 -0.216242
4.216 -0.184796
4.218 -0.152666
4.22 -0.1216
4.222 -0.0903871
4.224 -0.0578594
4.226 -0.0258342
4.228 0.00387134
4.23 0.02944
4.232 0.0535963
4.234 0.078122
4.236 0.0997854
4.238 0.115355
4.24 0.1216
4.242 0.122056
4.244 0.122414
4.246 0.122672
4.248 0.122828
4.25 0.12288
4.252 0.11857
4.254 0.107389
4.256 0.0919631
4.258 0.0749183
4.26 0.05888
4.262 0.0431254
4.264 0.0257776
4.266 0.00773108
4.268 -0.0101196
4.27 -0.02688
4.272 -0.0431329
4.274 -0.0595079
4.276 -0.0751804
4.278 -0.0893259
4.28 -0.10112
4.282 -0.111295
4.284 -0.120821
4.286 -0.129226
4.288 -0.136043
4.29 -0.1408
4.292 -0.144284
4.294 -0.147426
4.296 -0.149979
4.298 -0.151693
4.3 -0.15232
4.302 -0.152171
4.304 -0.15177
4.306 -0.151188
4.308 -0.150494
4.31 -0.14976
4.312 -0.14885
4.314 -0.147651
4.316 -0.146267
4.318 -0.144802
4.32 -0.14336
4.322 -0.142012
4.324 -0.140683
4.326 -0.139261
4.328 -0.137632
4.33 -0.13568
4.332 -0.133069
4.334 -0.129711
4.336 -0.125866
4.338 -0.121795
4.34 -0.11776
4.342 -0.112981
4.344 -0.107271
4.346 -0.101774
4.348 -0.0976351
4.35 -0.096
4.352 -0.0959987
4.354 -0.095998
4.356 -0.095998
4.358 -0.0959987
4.36 -0.096
4.362 -0.0985071
4.364 -0.105055
4.366 -0.11419
4.368 -0.124457
4.37 -0.1344
4.372 -0.144872
4.374 -0.157015
4.376 -0.16981
4.378 -0.182238
4.38 -0.19328
4.382 -0.203986
4.384 -0.215128
4.386 -0.225269
4.388 -0.232972
4.39 -0.2368
4.392 -0.238103
4.394 -0.239168
4.396 -0.239966
4.398 -0.240466
4.4 -0.24064
4.402 -0.239177
4.404 -0.235329
4.406 -0.229908
4.408 -0.223728
4.41 -0.2176
4.412 -0.211188
4.414 -0.203773
4.416 -0.195596
4.418 -0.186898
4.42 -0.17792
4.422 -0.168556
4.424 -0.158574
4.426 -0.148026
4.428 -0.136964
4.43 -0.12544
4.432 -0.113215
4.434 -0.100186
4.436 -0.0866148
4.438 -0.0727595
4.44 -0.05888
4.442 -0.0445826
4.444 -0.0296867
4.446 -0.0147715
4.448 -0.000416151
4.45 0.0128
4.452 0.0257768
4.454 0.0389879
4.456 0.0512146
4.458 0.0612382
4.46 0.06784
4.462 0.0721746
4.464 0.0760252
4.466 0.0791165
4.468 0.0811732
4.47 0.08192
4.472 0.0796611
4.474 0.0736585
4.476 0.0650734
4.478 0.0550668
4.48 0.0448
4.482 0.033169
4.484 0.018847
4.486 0.00266036
4.488 -0.0145642
4.49 -0.032
4.492 -0.0502307
4.494 -0.0699152
4.496 -0.0903404
4.498 -0.110793
4.5 -0.13056
4.502 -0.150126
4.504 -0.169972
4.506 -0.189379
4.508 -0.207628
4.51 -0.224
4.512 -0.239641
4.514 -0.255251
4.516 -0.269441
4.518 -0.28082
4.52 -0.288
4.522 -0.292419
4.524 -0.29628
4.526 -0.29934
4.528 -0.301354
4.53 -0.30208
4.532 -0.300937
4.534 -0.297985
4.536 -0.293941
4.538 -0.289521
4.54 -0.28544
4.542 -0.281464
4.544 -0.277099
4.546 -0.272675
4.548 -0.268519
4.55 -0.26496
4.552 -0.262198
4.554 -0.259941
4.556 -0.257786
4.558 -0.255328
4.56 -0.25216
4.562 -0.247964
4.564 -0.242681
4.566 -0.236296
4.568 -0.228794
4.57 -0.22016
4.572 -0.208983
4.574 -0.194398
4.576 -0.177209
4.578 -0.158221
4.58 -0.13824
4.582 -0.115813
4.584 -0.0899376
4.586 -0.0620917
4.588 -0.0337532
4.59 -0.0064
4.592 0.0209223
4.594 0.0491988
4.596 0.0769982
4.598 0.102889
4.6 0.12544
4.602 0.146047
4.604 0.166105
4.606 0.18418
4.608 0.198836
4.61 0.20864
4.612 0.215319
4.614 0.221267
4.616 0.226052
4.618 0.229241
4.62 0.2304
4.622 0.230007
4.624 0.228966
4.626 0.227482
4.628 0.225758
4.63 0.224
4.632 0.222168
4.634 0.220041
4.636 0.217549
4.638 0.214625
4.64 0.2112
4.642 0.206913
4.644 0.201445
4.646 0.194793
4.648 0.186953
4.65 0.17792
4.652 0.166086
4.654 0.150491
4.656 0.13211
4.658 0.111915
4.66 0.09088
4.662 0.0674867
4.664 0.0406815
4.666 0.0121329
4.668 -0.0164905
4.67 -0.04352
4.672 -0.0706313
4.674 -0.0989573
4.676 -0.126016
4.678 -0.149324
4.68 -0.1664
4.682 -0.179464
4.684 -0.191625
4.686 -0.201734
4.688 -0.208642
4.69 -0.2112
4.692 -0.208519
4.694 -0.201571
4.696 -0.191995
4.698 -0.181431
4.7 -0.17152
4.702 -0.160278
4.704 -0.14654
4.706 -0.133175
4.708 -0.123052
4.71 -0.11904
4.712 -0.11965
4.714 -0.121381
4.716 -0.124087
4.718 -0.127622
4.72 -0.13184
4.722 -0.141373
4.724 -0.158815
4.726 -0.180962
4.728 -0.204612
4.73 -0.22656
4.732 -0.248854
4.734 -0.273656
4.736 -0.297935
4.738 -0.31866
4.74 -0.3328
4.742 -0.342424
4.744 -0.351147
4.746 -0.358258
4.748 -0.363046
4.75 -0.3648
4.752 -0.360575
4.754 -0.349513
4.756 -0.334035
4.758 -0.316564
4.76 -0.29952
4.762 -0.280983
4.764 -0.258991
4.766 -0.235899
4.768 -0.214063
4.77 -0.19584
4.772 -0.179313
4.774 -0.162508
4.776 -0.147694
4.778 -0.137142
4.78 -0.13312
4.782 -0.133925
4.784 -0.136148
4.786 -0.139506
4.788 -0.143711
4.79 -0.14848
4.792 -0.156739
4.794 -0.169873
4.796 -0.185276
4.798 -0.200346
4.8 -0.21248
4.802 -0.222877
4.804 -0.233502
4.806 -0.242895
4.808 -0.249601
4.81 -0.25216
4.812 -0.249941
4.814 -0.243968
4.816 -0.235264
4.818 -0.224853
4.82 -0.21376
4.822 -0.199492
4.824 -0.180275
4.826 -0.158207
4.828 -0.135389
4.83 -0.11392
4.832 -0.0926815
4.834 -0.0702741
4.836 -0.0483738
4.838 -0.028657
4.84 -0.0128
4.842 0.0005844
4.844 0.0133079
4.846 0.0243312
4.848 0.032615
4.85 0.03712
4.852 0.0389487
4.854 0.0401391
4.856 0.0410553
4.858 0.0420609
4.86 0.04352
4.862 0.045467
4.864 0.0478069
4.866 0.0507093
4.868 0.0543438
4.87 0.05888
4.872 0.0667067
4.874 0.0791237
4.876 0.0946675
4.878 0.111874
4.88 0.12928
4.882 0.148275
4.884 0.170144
4.886 0.193268
4.888 0.216027
4.89 0.2368
4.892 0.257714
4.894 0.279936
4.896 0.300405
4.898 0.31606
4.9 0.32384
4.902 0.326445
4.904 0.328576
4.906 0.330172
4.908 0.331173
4.91 0.33152
4.912 0.326986
4.914 0.315152
4.916 0.298674
4.918 0.280205
4.92 0.2624
4.922 0.243955
4.924 0.222823
4.926 0.200547
4.928 0.178665
4.93 0.15872
4.932 0.1404
4.934 0.122588
4.936 0.105616
4.938 0.0898165
4.94 0.07552
4.942 0.0628874
4.944 0.0514902
4.946 0.0407775
4.948 0.0301978
4.95 0.0192
4.952 0.0081249
4.954 -0.00266063
4.956 -0.0136686
4.958 -0.0254111
4.96 -0.0384
4.962 -0.053055
4.964 -0.0692558
4.966 -0.0867052
4.968 -0.105106
4.97 -0.12416
4.972 -0.144667
4.974 -0.166946
4.976 -0.189979
4.978 -0.212749
4.98 -0.23424
4.982 -0.255215
4.984 -0.276389
4.986 -0.296677
4.988 -0.31499
4.99 -0.33024
4.992 -0.343406
4.994 -0.355759
4.996 -0.366648
4.998 -0.375425
5 -0.38144
5.002 -0.385593
5.004 -0.389161
5.006 -0.39206
5.008 -0.394208
5.01 -0.39552
5.012 -0.396218
5.014 -0.396676
5.016 -0.397042
5.018 -0.397461
5.02 -0.39808
5.022 -0.399106
5.024 -0.400542
5.026 -0.402234
5.028 -0.404026
5.03 -0.40576
5.032 -0.40775
5.034 -0.410104
5.036 -0.412359
5.038 -0.414052
5.04 -0.41472
5.042 -0.414721
5.044 -0.414722
5.046 -0.414722
5.048 -0.414721
5.05 -0.41472
5.052 -0.41283
5.054 -0.40777
5.056 -0.400456
5.058 -0.391802
5.06 -0.38272
5.062 -0.371833
5.064 -0.357827
5.066 -0.341712
5.068 -0.324499
5.07 -0.3072
5.072 -0.288996
5.074 -0.269105
5.076 -0.248587
5.078 -0.228505
5.08 -0.20992
5.082 -0.192171
5.084 -0.174477
5.086 -0.157722
5.088 -0.142788
5.09 -0.13056
5.092 -0.120326
5.094 -0.110969
5.096 -0.102761
5.098 -0.0959742
5.1 -0.09088
5.102 -0.0872751
5.104 -0.0844905
5.106 -0.0821003
5.108 -0.0796787
5.11 -0.0768
5.112 -0.0733939
5.114 -0.0697129
5.116 -0.0658149
5.118 -0.0617579
5.12 -0.0576
5.122 -0.0529357
5.124 -0.0477124
5.126 -0.0425173
5.128 -0.0379374
5.13 -0.03456
5.132 -0.0319767
5.134 -0.0295481
5.136 -0.0275153
5.138 -0.026119
5.14 -0.0256
5.142 -0.0267871
5.144 -0.0299806
5.146 -0.0346284
5.148 -0.0401789
5.15 -0.04608
5.152 -0.0535332
5.154 -0.0634679
5.156 -0.074924
5.158 -0.0869414
5.16 -0.09856
5.162 -0.110531
5.164 -0.123509
5.166 -0.136389
5.168 -0.148068
5.17 -0.15744
5.172 -0.165526
5.174 -0.173455
5.176 -0.180285
5.178 -0.185074
5.18 -0.18688
5.182 -0.186245
5.184 -0.184513
5.186 -0.181947
5.188 -0.178809
5.19 -0.17536
5.192 -0.170274
5.194 -0.162836
5.196 -0.15423
5.198 -0.145637
5.2 -0.13824
5.202 -0.131212
5.204 -0.123716
5.206 -0.116918
5.208 -0.111984
5.21 -0.11008
5.212 -0.110266
5.214 -0.110791
5.216 -0.111607
5.218 -0.112666
5.22 -0.11392
5.222 -0.116684
5.224 -0.121635
5.226 -0.127762
5.228 -0.13406
5.23 -0.13952
5.232 -0.144794
5.234 -0.150566
5.236 -0.155878
5.238 -0.159769
5.24 -0.16128
5.242 -0.161281
5.244 -0.161282
5.246 -0.161282
5.248 -0.161281
5.25 -0.16128
5.252 -0.159882
5.254 -0.156219
5.256 -0.151078
5.258 -0.145249
5.26 -0.13952
5.262 -0.133567
5.264 -0.126728
5.266 -0.11928
5.268 -0.111504
5.27 -0.10368
5.272 -0.0956329
5.274 -0.0871559
5.276 -0.0784783
5.278 -0.0698298
5.28 -0.06144
5.282 -0.0532577
5.284 -0.0451267
5.286 -0.0371189
5.288 -0.029306
5.29 -0.02176
5.292 -0.0143782
5.294 -0.00709865
5.296 -5.39859e-05
5.298 0.00662312
5.3 0.0128
5.302 0.0186811
5.304 0.0244082
5.306 0.0297548
5.308 0.0344943
5.31 0.0384
5.312 0.0419157
5.314 0.0453632
5.316 0.0483328
5.318 0.0504149
5.32 0.0512
5.322 0.0507794
5.324 0.0496309
5.326 0.0479248
5.328 0.0458311
5.33 0.04352
5.332 0.0401213
5.334 0.0351356
5.336 0.0292893
5.338 0.0233086
5.34 0.01792
5.342 0.0126876
5.344 0.00712185
5.346 0.00186828
5.348 -0.00242752
5.35 -0.00512
5.352 -0.00672489
5.354 -0.0081287
5.356 -0.00924207
5.358 -0.00997562
5.36 -0.01024
5.362 -0.0093184
5.364 -0.0069632
5.366 -0.0037888
5.368 -0.0004096
5.37 0.00256
5.372 0.0055296
5.374 0.0089088
5.376 0.0120832
5.378 0.0144384
5.38 0.01536
5.382 0.0152278
5.384 0.014861
5.386 0.0143043
5.388 0.0136024
5.39 0.0128
5.392 0.0113606
5.394 0.00902647
5.396 0.00625999
5.398 0.00352368
5.4 0.00128
5.402 -0.000433703
5.404 -0.00195647
5.406 -0.00339039
5.408 -0.00483753
5.41 -0.0064
5.412 -0.00797762
5.414 -0.00950628
5.416 -0.0111421
5.418 -0.0130413
5.42 -0.01536
5.422 -0.0183988
5.424 -0.0223013
5.426 -0.0269885
5.428 -0.0323811
5.43 -0.0384
5.432 -0.0458813
5.434 -0.0552738
5.436 -0.0659177
5.438 -0.0771531
5.44 -0.08832
5.442 -0.100123
5.444 -0.113041
5.446 -0.126073
5.448 -0.13822
5.45 -0.14848
5.452 -0.157957
5.454 -0.167564
5.456 -0.176017
5.458 -0.18203
5.46 -0.18432
5.462 -0.183255
5.464 -0.180356
5.466 -0.17607
5.468 -0.170843
5.47 -0.16512
5.472 -0.15716
5.474 -0.145819
5.476 -0.132442
5.478 -0.118375
5.48 -0.10496
5.482 -0.0913314
5.484 -0.0765795
5.486 -0.0619859
5.488 -0.0488322
5.49 -0.0384
5.492 -0.0295397
5.494 -0.0209122
5.496 -0.0135148
5.498 -0.00834494
5.5 -0.0064
5.502 -0.00718848
5.504 -0.00932864
5.506 -0.0124826
5.508 -0.0163123
5.51 -0.02048
5.512 -0.026112
5.514 -0.0339968
5.516 -0.0432896
5.518 -0.0531456
5.52 -0.06272
5.522 -0.0721923
5.524 -0.0821512
5.526 -0.092366
5.528 -0.102606
5.53 -0.11264
5.532 -0.122491
5.534 -0.132313
5.536 -0.142074
5.538 -0.15174
5.54 -0.16128
5.542 -0.170921
5.544 -0.180689
5.546 -0.190244
5.548 -0.199247
5.55 -0.20736
5.552 -0.214723
5.554 -0.221665
5.556 -0.228125
5.558 -0.234044
5.56 -0.23936
5.562 -0.244375
5.564 -0.249229
5.566 -0.253624
5.568 -0.257261
5.57 -0.25984
5.572 -0.261754
5.574 -0.263497
5.576 -0.264923
5.578 -0.265886
5.58 -0.26624
5.582 -0.266048
5.584 -0.265509
5.586 -0.264683
5.588 -0.263627
5.59 -0.2624
5.592 -0.260276
5.594 -0.256762
5.596 -0.252262
5.598 -0.247179
5.6 -0.24192
5.602 -0.236162
5.604 -0.229468
5.606 -0.222069
5.608 -0.214196
5.61 -0.20608
5.612 -0.197405
5.614 -0.187954
5.616 -0.178104
5.618 -0.168233
5.62 -0.15872
5.622 -0.149274
5.624 -0.13964
5.626 -0.130249
5.628 -0.121532
5.63 -0.11392
5.632 -0.107201
5.634 -0.100936
5.636 -0.0952148
5.638 -0.0901263
5.64 -0.08576
5.642 -0.0822326
5.644 -0.0793341
5.646 -0.0766633
5.648 -0.073819
5.65 -0.0704
5.652 -0.0663226
5.654 -0.0617519
5.656 -0.0566598
5.658 -0.0510185
5.66 -0.0448
5.662 -0.0374814
5.664 -0.0288719
5.666 -0.0194417
5.668 -0.00966095
5.67 0
5.672 0.0104843
5.674 0.0221165
5.676 0.0334986
5.678 0.0432325
5.68 0.04992
5.682 0.0545244
5.684 0.0587095
5.686 0.0621285
5.688 0.0644343
5.69 0.06528
5.692 0.0633469
5.694 0.058252
5.696 0.0510516
5.698 0.0428021
5.7 0.03456
5.702 0.0254411
5.704 0.0144654
5.706 0.00254515
5.708 -0.00940742
5.71 -0.02048
5.712 -0.0308842
5.714 -0.0412439
5.716 -0.0512655
5.718 -0.0606554
5.72 -0.06912
5.722 -0.0767976
5.724 -0.0839993
5.726 -0.0906901
5.728 -0.0968353
5.73 -0.1024
5.732 -0.107402
5.734 -0.111962
5.736 -0.116196
5.738 -0.120223
5.74 -0.12416
5.742 -0.12801
5.744 -0.13171
5.746 -0.135277
5.748 -0.138728
5.75 -0.14208
5.752 -0.145402
5.754 -0.148689
5.756 -0.151852
5.758 -0.154799
5.76 -0.15744
5.762 -0.159731
5.764 -0.161773
5.766 -0.163694
5.768 -0.16562
5.77 -0.16768
5.772 -0.169897
5.774 -0.17219
5.776 -0.174527
5.778 -0.176874
5.78 -0.1792
5.782 -0.181485
5.784 -0.18375
5.786 -0.186025
5.788 -0.188338
5.79 -0.19072
5.792 -0.193266
5.794 -0.19596
5.796 -0.198661
5.798 -0.201228
5.8 -0.20352
5.802 -0.205536
5.804 -0.207398
5.806 -0.209147
5.808 -0.210827
5.81 -0.21248
5.812 -0.214337
5.814 -0.216374
5.816 -0.218251
5.818 -0.219626
5.82 -0.22016
5.822 -0.219973
5.824 -0.219445
5.826 -0.218627
5.828 -0.217568
5.83 -0.21632
5.832 -0.213951
5.834 -0.209831
5.836 -0.204464
5.838 -0.198352
5.84 -0.192
5.842 -0.184835
5.844 -0.176278
5.846 -0.166824
5.848 -0.156967
5.85 -0.1472
5.852 -0.137163
5.854 -0.126509
5.856 -0.115754
5.858 -0.105413
5.86 -0.096
5.862 -0.087342
5.864 -0.0790225
5.866 -0.071192
5.868 -0.0640011
5.87 -0.0576
5.872 -0.0517957
5.874 -0.0463613
5.876 -0.041397
5.878 -0.0370032
5.88 -0.03328
5.882 -0.030166
5.884 -0.0274514
5.886 -0.0250138
5.888 -0.0227308
5.89 -0.02048
5.892 -0.0180898
5.894 -0.0156303
5.896 -0.013342
5.898 -0.0114652
5.9 -0.01024
5.902 -0.00944947
5.904 -0.00874906
5.906 -0.0081879
5.908 -0.00781517
5.91 -0.00768
5.912 -0.00816068
5.914 -0.00942923
5.916 -0.0112254
5.918 -0.0132891
5.92 -0.01536
5.922 -0.0177171
5.924 -0.0206091
5.926 -0.0237306
5.928 -0.026776
5.93 -0.02944
5.932 -0.0320226
5.934 -0.0347519
5.936 -0.0372138
5.938 -0.0389945
5.94 -0.03968
5.942 -0.0395412
5.944 -0.0391612
5.946 -0.0385946
5.948 -0.037896
5.95 -0.03712
5.952 -0.0356784
5.954 -0.0333926
5.956 -0.0309316
5.958 -0.0289644
5.96 -0.02816
5.962 -0.0282153
5.964 -0.0283771
5.966 -0.0286392
5.968 -0.0289956
5.97 -0.02944
5.972 -0.031234
5.974 -0.0352111
5.976 -0.0407231
5.978 -0.0471222
5.98 -0.05376
5.982 -0.0614627
5.984 -0.0710155
5.986 -0.0817088
5.988 -0.0928335
5.99 -0.10368
5.992 -0.11463
5.994 -0.126166
5.996 -0.137732
5.998 -0.148769
6 -0.15872
6.002 -0.168178
6.004 -0.177614
6.006 -0.186288
6.008 -0.193463
6.01 -0.1984
6.012 -0.201884
6.014 -0.205026
6.016 -0.207579
6.018 -0.209293
6.02 -0.20992
6.022 -0.208523
6.024 -0.20486
6.026 -0.199719
6.028 -0.193889
6.03 -0.18816
6.032 -0.18219
6.034 -0.175315
6.036 -0.167841
6.038 -0.160074
6.04 -0.15232
6.042 -0.14429
6.044 -0.135767
6.046 -0.127164
6.048 -0.11889
6.05 -0.11136
6.052 -0.104427
6.054 -0.0977595
6.056 -0.0914858
6.058 -0.0857361
6.06 -0.08064
6.062 -0.0758772
6.064 -0.0712549
6.066 -0.067094
6.068 -0.0637154
6.07 -0.06144
6.072 -0.0598727
6.074 -0.0584736
6.076 -0.0573462
6.078 -0.0565938
6.08 -0.05632
6.082 -0.0568115
6.084 -0.0581018
6.086 -0.0599142
6.088 -0.0619725
6.09 -0.064
6.092 -0.066172
6.094 -0.0687239
6.096 -0.0714698
6.098 -0.0742238
6.1 -0.0768
6.102 -0.0793659
6.104 -0.0820483
6.106 -0.0845996
6.108 -0.0867727
6.11 -0.08832
6.112 -0.0894564
6.114 -0.0905003
6.116 -0.0913601
6.118 -0.0919439
6.12 -0.09216
6.122 -0.0921608
6.124 -0.0921604
6.126 -0.0921596
6.128 -0.0921592
6.13 -0.09216
6.132 -0.0922259
6.134 -0.0924069
6.136 -0.092683
6.138 -0.0930341
6.14 -0.09344
6.142 -0.0941397
6.144 -0.0952832
6.146 -0.0967168
6.148 -0.0982869
6.15 -0.09984
6.152 -0.101728
6.154 -0.104069
6.156 -0.106363
6.158 -0.108107
6.16 -0.1088
6.162 -0.108744
6.164 -0.108582
6.166 -0.10832
6.168 -0.107964
6.17 -0.10752
6.172 -0.105711
6.174 -0.101753
6.176 -0.0963963
6.178 -0.0903888
6.18 -0.08448
6.182 -0.0781717
6.184 -0.0708531
6.186 -0.0631047
6.188 -0.0555068
6.19 -0.04864
6.192 -0.0416746
6.194 -0.0341868
6.196 -0.0273657
6.198 -0.0224004
6.2 -0.02048
6.202 -0.0204787
6.204 -0.020478
6.206 -0.020478
6.208 -0.0204787
6.21 -0.02048
6.212 -0.0222174
6.214 -0.0267142
6.216 -0.0329023
6.218 -0.0397137
6.22 -0.04608
6.222 -0.0524339
6.224 -0.0595276
6.226 -0.0667723
6.228 -0.0735794
6.23 -0.07936
6.232 -0.0845286
6.234 -0.0895994
6.236 -0.0941339
6.238 -0.0976937
6.24 -0.09984
6.242 -0.101067
6.244 -0.102123
6.246 -0.102949
6.248 -0.103488
6.25 -0.10368
6.252 -0.103414
6.254 -0.102779
6.256 -0.102021
6.258 -0.101386
6.26 -0.10112
6.262 -0.101699
6.264 -0.103266
6.266 -0.105567
6.268 -0.10835
6.27 -0.11136
6.272 -0.11527
6.274 -0.120622
6.276 -0.126963
6.278 -0.13384
6.28 -0.1408
6.282 -0.148245
6.284 -0.156552
6.286 -0.165232
6.288 -0.173798
6.29 -0.18176
6.292 -0.18933
6.294 -0.196854
6.296 -0.20405
6.298 -0.210633
6.3 -0.21632
6.302 -0.221384
6.304 -0.22616
6.306 -0.230451
6.308 -0.234063
6.31 -0.2368
6.312 -0.238832
6.314 -0.240522
6.316 -0.241964
6.318 -0.243252
6.32 -0.24448
6.322 -0.245799
6.324 -0.247167
6.326 -0.248388
6.328 -0.249264
6.33 -0.2496
6.332 -0.249544
6.334 -0.24938
6.336 -0.249116
6.338 -0.24876
6.34 -0.24832
6.342 -0.246876
6.344 -0.243796
6.346 -0.239519
6.348 -0.234481
6.35 -0.22912
6.352 -0.222633
6.354 -0.214318
6.356 -0.204767
6.358 -0.19457
6.36 -0.18432
6.362 -0.173517
6.364 -0.161702
6.366 -0.14953
6.368 -0.137651
6.37 -0.12672
6.372 -0.116393
6.374 -0.106183
6.376 -0.0965295
6.378 -0.0878691
6.38 -0.08064
6.382 -0.0744091
6.384 -0.0686155
6.386 -0.0635053
6.388 -0.0593247
6.39 -0.05632
6.392 -0.0542505
6.394 -0.0526059
6.396 -0.0512281
6.398 -0.0499588
6.4 -0.04864
6.402 -0.0472628
6.404 -0.045928
6.406 -0.0446417
6.408 -0.0434104
6.41 -0.04224
6.412 -0.0409796
6.414 -0.0396193
6.416 -0.0383773
6.418 -0.0374715
6.42 -0.03712
6.422 -0.0371187
6.424 -0.0371181
6.426 -0.0371181
6.428 -0.0371187
6.43 -0.03712
6.432 -0.0377803
6.434 -0.0395086
6.436 -0.0419307
6.438 -0.0446725
6.44 -0.04736
6.442 -0.0501428
6.444 -0.0533314
6.446 -0.0567925
6.448 -0.0603931
6.45 -0.064
6.452 -0.0677327
6.454 -0.0716873
6.456 -0.0756956
6.458 -0.0795892
6.46 -0.0832
6.462 -0.0867362
6.464 -0.0903271
6.466 -0.0936858
6.468 -0.0965257
6.47 -0.09856
6.472 -0.100076
6.474 -0.101468
6.476 -0.102615
6.478 -0.103393
6.48 -0.10368
6.482 -0.103388
6.484 -0.102599
6.486 -0.101444
6.488 -0.100054
6.49 -0.09856
6.492 -0.0964525
6.494 -0.0934766
6.496 -0.0901465
6.498 -0.0869762
6.5 -0.08448
6.502 -0.0824091
6.504 -0.0803454
6.506 -0.0785492
6.508 -0.0772807
6.51 -0.0768
6.512 -0.0769229
6.514 -0.077271
6.516 -0.0778138
6.518 -0.0785203
6.52 -0.07936
6.522 -0.0811225
6.524 -0.0842891
6.526 -0.0883664
6.528 -0.0928612
6.53 -0.09728
6.532 -0.101966
6.534 -0.107303
6.536 -0.112857
6.538 -0.118194
6.54 -0.12288
6.542 -0.127187
6.544 -0.131459
6.546 -0.135369
6.548 -0.138592
6.55 -0.1408
6.552 -0.142352
6.554 -0.143749
6.556 -0.144882
6.558 -0.145642
6.56 -0.14592
6.562 -0.145763
6.564 -0.145347
6.566 -0.144753
6.568 -0.144063
6.57 -0.14336
6.572 -0.142391
6.574 -0.141066
6.576 -0.139715
6.578 -0.138663
6.58 -0.13824
6.582 -0.138303
6.584 -0.13848
6.586 -0.138753
6.588 -0.139106
6.59 -0.13952
6.592 -0.140282
6.594 -0.141585
6.596 -0.143276
6.598 -0.145199
6.6 -0.1472
6.602 -0.149402
6.604 -0.151985
6.606 -0.154875
6.608 -0.157998
6.61 -0.16128
6.612 -0.165042
6.614 -0.16938
6.616 -0.173884
6.618 -0.178148
6.62 -0.18176
6.622 -0.185108
6.624 -0.188534
6.626 -0.191567
6.628 -0.193733
6.63 -0.19456
6.632 -0.19437
6.634 -0.193835
6.636 -0.193012
6.638 -0.191955
6.64 -0.19072
6.642 -0.188476
6.644 -0.184684
6.646 -0.179838
6.648 -0.174432
6.65 -0.16896
6.652 -0.163011
6.654 -0.156139
6.656 -0.148787
6.658 -0.141393
6.66 -0.1344
6.662 -0.127647
6.664 -0.120838
6.666 -0.114204
6.668 -0.10798
6.67 -0.1024
6.672 -0.0971844
6.674 -0.0921001
6.676 -0.0874475
6.678 -0.0835273
6.68 -0.08064
6.682 -0.0785847
6.684 -0.0768916
6.686 -0.0754582
6.688 -0.0741819
6.69 -0.07296
6.692 -0.0718679
6.694 -0.0709536
6.696 -0.0700733
6.698 -0.0690833
6.7 -0.06784
6.702 -0.06614
6.704 -0.0639806
6.706 -0.0615193
6.708 -0.0589132
6.71 -0.05632
6.712 -0.0536131
6.714 -0.0506773
6.716 -0.047687
6.718 -0.0448165
6.72 -0.04224
6.722 -0.0396576
6.724 -0.0369289
6.726 -0.0344674
6.728 -0.0326866
6.73 -0.032
6.732 -0.0319987
6.734 -0.0319981
6.736 -0.0319981
6.738 -0.0319987
6.74 -0.032
6.742 -0.032814
6.744 -0.0348495
6.746 -0.037502
6.748 -0.0401671
6.75 -0.04224
6.752 -0.0439138
6.754 -0.0456271
6.756 -0.0471434
6.758 -0.0482265
6.76 -0.04864
6.762 -0.0482635
6.764 -0.0472546
6.766 -0.0457939
6.768 -0.0440621
6.77 -0.04224
6.772 -0.0399329
6.774 -0.0368727
6.776 -0.0334301
6.778 -0.0299757
6.78 -0.02688
6.782 -0.0237615
6.784 -0.0203636
6.786 -0.0172451
6.788 -0.0149644
6.79 -0.01408
6.792 -0.0142671
6.794 -0.0147949
6.796 -0.0156132
6.798 -0.0166717
6.8 -0.01792
6.802 -0.0203579
6.804 -0.0246146
6.806 -0.0300844
6.808 -0.0361615
6.81 -0.04224
6.812 -0.0486345
6.814 -0.0558556
6.816 -0.0635914
6.818 -0.0715302
6.82 -0.07936
6.822 -0.0871913
6.824 -0.0952352
6.826 -0.103332
6.828 -0.11132
6.83 -0.11904
6.832 -0.126661
6.834 -0.134297
6.836 -0.141707
6.838 -0.148649
6.84 -0.15488
6.842 -0.160906
6.844 -0.166977
6.846 -0.172466
6.848 -0.176749
6.85 -0.1792
6.852 -0.180448
6.854 -0.181507
6.856 -0.182325
6.858 -0.182853
6.86 -0.18304
6.862 -0.182089
6.864 -0.179571
6.866 -0.175994
6.868 -0.171861
6.87 -0.16768
6.872 -0.162976
6.874 -0.157236
6.876 -0.150904
6.878 -0.144424
6.88 -0.13824
6.882 -0.13209
6.884 -0.125679
6.886 -0.119398
6.888 -0.113641
6.89 -0.1088
6.892 -0.104348
6.894 -0.099881
6.896 -0.0959761
6.898 -0.0932102
6.9 -0.09216
6.902 -0.0922194
6.904 -0.0923894
6.906 -0.0926577
6.908 -0.093012
6.91 -0.09344
6.912 -0.0946104
6.914 -0.0968591
6.916 -0.0996746
6.918 -0.102545
6.92 -0.10496
6.922 -0.107182
6.924 -0.109565
6.926 -0.111734
6.928 -0.113311
6.93 -0.11392
6.932 -0.113633
6.934 -0.112855
6.936 -0.111708
6.938 -0.110316
6.94 -0.1088
6.942 -0.106731
6.944 -0.103821
6.946 -0.10041
6.948 -0.0968364
6.95 -0.09344
6.952 -0.0897408
6.954 -0.0855106
6.956 -0.081466
6.958 -0.0783237
6.96 -0.0768
6.962 -0.0763626
6.964 -0.0760071
6.966 -0.0757424
6.968 -0.0755771
6.97 -0.07552
6.972 -0.0764044
6.974 -0.0786851
6.976 -0.0818036
6.978 -0.0852015
6.98 -0.08832
6.982 -0.0915643
6.984 -0.0953162
6.986 -0.0989818
6.988 -0.101968
6.99 -0.10368
6.992 -0.104508
6.994 -0.105213
6.996 -0.10576
6.998 -0.106114
7 -0.10624
7.002 -0.10538
7.004 -0.103301
7.006 -0.100756
7.008 -0.0984986
7.01 -0.09728
7.012 -0.0968602
7.014 -0.0965069
7.016 -0.0962355
7.018 -0.0960614
7.02 -0.096
7.022 -0.0971084
7.024 -0.100042
7.026 -0.104213
7.028 -0.109035
7.03 -0.11392
7.032 -0.119542
7.034 -0.126505
7.036 -0.134112
7.038 -0.141669
7.04 -0.14848
7.042 -0.155047
7.044 -0.16186
7.046 -0.168205
7.048 -0.173369
7.05 -0.17664
7.052 -0.178641
7.054 -0.180395
7.056 -0.181788
7.058 -0.182708
7.06 -0.18304
7.062 -0.181805
7.064 -0.178619
7.066 -0.174258
7.068 -0.169499
7.07 -0.16512
7.072 -0.160787
7.074 -0.155967
7.076 -0.151138
7.078 -0.146777
7.08 -0.14336
7.082 -0.140512
7.084 -0.13775
7.086 -0.135388
7.088 -0.133739
7.09 -0.13312
7.092 -0.133519
7.094 -0.134471
7.096 -0.135607
7.098 -0.13656
7.1 -0.13696
7.102 -0.136961
7.104 -0.136962
7.106 -0.136962
7.108 -0.136961
7.11 -0.13696
7.112 -0.135624
7.114 -0.132085
7.116 -0.127037
7.118 -0.121176
7.12 -0.1152
7.122 -0.108448
7.124 -0.100167
7.126 -0.0909099
7.128 -0.0812298
7.13 -0.07168
7.132 -0.0617533
7.134 -0.0510633
7.136 -0.0403447
7.138 -0.030332
7.14 -0.02176
7.142 -0.0140357
7.144 -0.00648656
7.146 0.000272442
7.148 0.0056263
7.15 0.00896
7.152 0.0109815
7.154 0.0127382
7.156 0.0141241
7.158 0.0150334
7.16 0.01536
7.162 0.0144845
7.164 0.0122726
7.166 0.00934656
7.168 0.00632832
7.17 0.00384
7.172 0.00174535
7.174 -0.000383147
7.176 -0.00236032
7.178 -0.004001
7.18 -0.00512
7.182 -0.00589571
7.184 -0.00659378
7.186 -0.00716
7.188 -0.00754015
7.19 -0.00768
7.192 -0.00768078
7.194 -0.00768039
7.196 -0.00767961
7.198 -0.00767922
7.2 -0.00768
7.202 -0.0082067
7.204 -0.00961653
7.206 -0.011659
7.208 -0.0140837
7.21 -0.01664
7.212 -0.0197582
7.214 -0.0238185
7.216 -0.0284958
7.218 -0.0334647
7.22 -0.0384
7.222 -0.0435301
7.224 -0.0490933
7.226 -0.0547795
7.228 -0.0602784
7.23 -0.06528
7.232 -0.0698815
7.234 -0.0743243
7.236 -0.0785143
7.238 -0.0823575
7.24 -0.08576
7.242 -0.0887436
7.244 -0.0914419
7.246 -0.0939284
7.248 -0.0962766
7.25 -0.09856
7.252 -0.100688
7.254 -0.102623
7.256 -0.104518
7.258 -0.106526
7.26 -0.1088
7.262 -0.111479
7.264 -0.114502
7.266 -0.117721
7.268 -0.12099
7.27 -0.12416
7.272 -0.127478
7.274 -0.131041
7.276 -0.134482
7.278 -0.137431
7.28 -0.13952
7.282 -0.141036
7.284 -0.142428
7.286 -0.143575
7.288 -0.144353
7.29 -0.14464
7.292 -0.143813
7.294 -0.141647
7.296 -0.138614
7.298 -0.135188
7.3 -0.13184
7.302 -0.128281
7.304 -0.124125
7.306 -0.119701
7.308 -0.115336
7.31 -0.11136
7.312 -0.107685
7.314 -0.104076
7.316 -0.10064
7.318 -0.0974858
7.32 -0.09472
7.322 -0.0922507
7.324 -0.0899452
7.326 -0.0878504
7.328 -0.0860131
7.33 -0.08448
7.332 -0.0831829
7.334 -0.0820224
7.336 -0.0809984
7.338 -0.080111
7.34 -0.07936
7.342 -0.0786571
7.344 -0.0779682
7.346 -0.0773746
7.348 -0.0769581
7.35 -0.0768
7.352 -0.0767987
7.354 -0.076798
7.356 -0.076798
7.358 -0.0767987
7.36 -0.0768
7.362 -0.0770114
7.364 -0.0775857
7.366 -0.0784384
7.368 -0.0794847
7.37 -0.08064
7.372 -0.0822983
7.374 -0.084709
7.376 -0.0875706
7.378 -0.0905814
7.38 -0.09344
7.382 -0.0961506
7.384 -0.0989167
7.386 -0.101735
7.388 -0.104604
7.39 -0.10752
7.392 -0.110636
7.394 -0.113956
7.396 -0.117254
7.398 -0.120304
7.4 -0.12288
7.402 -0.12526
7.404 -0.127663
7.406 -0.129771
7.408 -0.131269
7.41 -0.13184
7.412 -0.131841
7.414 -0.131842
7.416 -0.131842
7.418 -0.131841
7.42 -0.13184
7.422 -0.13147
7.424 -0.130528
7.426 -0.129259
7.428 -0.127908
7.43 -0.12672
7.432 -0.125641
7.434 -0.124508
7.436 -0.123402
7.438 -0.122406
7.44 -0.1216
7.442 -0.12102
7.444 -0.120576
7.446 -0.120166
7.448 -0.119689
7.45 -0.11904
7.452 -0.118045
7.454 -0.116668
7.456 -0.115022
7.458 -0.113215
7.46 -0.11136
7.462 -0.109329
7.464 -0.107019
7.466 -0.104572
7.468 -0.102131
7.47 -0.09984
7.472 -0.09746
7.474 -0.0948927
7.476 -0.0924913
7.478 -0.0906093
7.48 -0.0896
7.482 -0.0891756
7.484 -0.0888218
7.486 -0.0885521
7.488 -0.0883803
7.49 -0.08832
7.492 -0.0888541
7.494 -0.0902294
7.496 -0.0921056
7.498 -0.0941426
7.5 -0.096
7.502 -0.0979905
7.504 -0.100345
7.506 -0.1026
7.508 -0.104293
7.51 -0.10496
7.512 -0.104897
7.514 -0.10472
7.516 -0.104447
7.518 -0.104094
7.52 -0.10368
7.522 -0.102846
7.524 -0.101398
7.526 -0.0995986
7.528 -0.0977115
7.53 -0.096
7.532 -0.0942182
7.534 -0.0921907
7.536 -0.0902861
7.538 -0.088873
7.54 -0.08832
7.542 -0.0885658
7.544 -0.0892109
7.546 -0.0901171
7.548 -0.0911462
7.55 -0.09216
7.552 -0.0933717
7.554 -0.0948992
7.556 -0.0964608
7.558 -0.097775
7.56 -0.09856
7.562 -0.0989662
7.564 -0.0993178
7.566 -0.0995942
7.568 -0.0997751
7.57 -0.09984
7.572 -0.0993978
7.574 -0.0982575
7.576 -0.0966982
7.578 -0.0949993
7.58 -0.09344
7.582 -0.0918178
7.584 -0.0899419
7.586 -0.0881091
7.588 -0.0866162
7.59 -0.08576
7.592 -0.085346
7.594 -0.0849935
7.596 -0.0847199
7.598 -0.0845429
7.6 -0.08448
7.602 -0.0849222
7.604 -0.0860626
7.606 -0.0876218
7.608 -0.0893207
7.61 -0.09088
7.612 -0.0924495
7.614 -0.0942201
7.616 -0.095974
7.618 -0.0974932
7.62 -0.09856
7.622 -0.0993178
7.624 -0.100014
7.626 -0.100588
7.628 -0.100977
7.63 -0.10112
7.632 -0.100727
7.634 -0.0996864
7.636 -0.0982016
7.638 -0.0964779
7.64 -0.09472
7.642 -0.0926846
7.644 -0.0901497
7.646 -0.0873526
7.648 -0.0845303
7.65 -0.08192
7.652 -0.0794331
7.654 -0.0769087
7.656 -0.0744758
7.658 -0.0722633
7.66 -0.0704
7.662 -0.0686812
7.664 -0.0669623
7.666 -0.0654629
7.668 -0.0644023
7.67 -0.064
7.672 -0.0640717
7.674 -0.0642663
7.676 -0.064553
7.678 -0.0649011
7.68 -0.06528
7.682 -0.0657847
7.684 -0.0664869
7.686 -0.0673207
7.688 -0.0682203
7.69 -0.06912
7.692 -0.0700504
7.694 -0.0710627
7.696 -0.0721218
7.698 -0.0731926
7.7 -0.07424
7.702 -0.075264
7.704 -0.076288
7.706 -0.077312
7.708 -0.078336
7.71 -0.07936
7.712 -0.0803658
7.714 -0.0813534
7.716 -0.0823501
7.718 -0.0833832
7.72 -0.08448
7.722 -0.0858735
7.724 -0.0875512
7.726 -0.0891722
7.728 -0.0903954
7.73 -0.09088
7.732 -0.0908813
7.734 -0.090882
7.736 -0.090882
7.738 -0.0908813
7.74 -0.09088
7.742 -0.0903611
7.744 -0.0890181
7.746 -0.0871665
7.748 -0.085122
7.75 -0.0832
7.752 -0.0813393
7.754 -0.0793147
7.756 -0.0771964
7.758 -0.0750548
7.76 -0.07296
7.762 -0.0705843
7.764 -0.067881
7.766 -0.0653414
7.768 -0.0634573
7.77 -0.06272
7.772 -0.062778
7.774 -0.0629453
7.776 -0.0632115
7.778 -0.0635665
7.78 -0.064
7.782 -0.0652176
7.784 -0.0676528
7.786 -0.0708871
7.788 -0.0745023
7.79 -0.07808
7.792 -0.0818563
7.794 -0.0861759
7.796 -0.0907833
7.798 -0.0954232
7.8 -0.09984
7.802 -0.104167
7.804 -0.108575
7.806 -0.112868
7.808 -0.116849
7.81 -0.12032
7.812 -0.12336
7.814 -0.126173
7.816 -0.128744
7.818 -0.131064
7.82 -0.13312
7.822 -0.135025
7.824 -0.136837
7.826 -0.138465
7.828 -0.139817
7.83 -0.1408
7.832 -0.141503
7.834 -0.14209
7.836 -0.142582
7.838 -0.142998
7.84 -0.14336
7.842 -0.143671
7.844 -0.143933
7.846 -0.144169
7.848 -0.144398
7.85 -0.14464
7.852 -0.144876
7.854 -0.145091
7.856 -0.145316
7.858 -0.145582
7.86 -0.14592
7.862 -0.146442
7.864 -0.14718
7.866 -0.14804
7.868 -0.148931
7.87 -0.14976
7.872 -0.150651
7.874 -0.151664
7.876 -0.152616
7.878 -0.153322
7.88 -0.1536
7.882 -0.153601
7.884 -0.153602
7.886 -0.153602
7.888 -0.153601
7.89 -0.1536
7.892 -0.153172
7.894 -0.152063
7.896 -0.150527
7.898 -0.148821
7.9 -0.1472
7.902 -0.145484
7.904 -0.143487
7.906 -0.141451
7.908 -0.139621
7.91 -0.13824
7.912 -0.137214
7.914 -0.136298
7.916 -0.135512
7.918 -0.134873
7.92 -0.1344
7.922 -0.134021
7.924 -0.133673
7.926 -0.133386
7.928 -0.133192
7.93 -0.13312
7.932 -0.133253
7.934 -0.133571
7.936 -0.133949
7.938 -0.134267
7.94 -0.1344
7.942 -0.134328
7.944 -0.134134
7.946 -0.133847
7.948 -0.133499
7.95 -0.13312
7.952 -0.132615
7.954 -0.131913
7.956 -0.131079
7.958 -0.13018
7.96 -0.12928
7.962 -0.128295
7.964 -0.127173
7.966 -0.126032
7.968 -0.124989
7.97 -0.12416
7.972 -0.123539
7.974 -0.123013
7.976 -0.122542
7.978 -0.122085
7.98 -0.1216
7.982 -0.121061
7.984 -0.120494
7.986 -0.119941
7.988 -0.119443
7.99 -0.11904
7.992 -0.118743
7.994 -0.118508
7.996 -0.118292
7.998 -0.118057
8 -0.11776
8.002 -0.117392
8.004 -0.116964
8.006 -0.116464
8.008 -0.11588
8.01 -0.1152
8.012 -0.11433
8.014 -0.113211
8.016 -0.111887
8.018 -0.110402
8.02 -0.1088
8.022 -0.107031
8.024 -0.105006
8.026 -0.102714
8.028 -0.100143
8.03 -0.09728
8.032 -0.0938415
8.034 -0.0897095
8.036 -0.0851208
8.038 -0.0803121
8.04 -0.07552
8.042 -0.0705747
8.044 -0.0653058
8.046 -0.0599497
8.048 -0.0547423
8.05 -0.04992
8.052 -0.045023
8.054 -0.0398711
8.056 -0.0351198
8.058 -0.0314243
8.06 -0.02944
8.062 -0.0285912
8.064 -0.0278835
8.066 -0.0273442
8.068 -0.0270006
8.07 -0.02688
8.072 -0.0276846
8.074 -0.0298057
8.076 -0.0328046
8.078 -0.0362423
8.08 -0.03968
8.082 -0.0435929
8.084 -0.0483904
8.086 -0.0535356
8.088 -0.0584912
8.09 -0.06272
8.092 -0.0666767
8.094 -0.0707809
8.096 -0.0744428
8.098 -0.0770724
8.1 -0.07808
8.102 -0.0779558
8.104 -0.0776049
8.106 -0.0770601
8.108 -0.0763542
8.11 -0.07552
8.112 -0.0736845
8.114 -0.0704128
8.116 -0.0663949
8.118 -0.0623207
8.12 -0.05888
8.122 -0.0558332
8.124 -0.0527004
8.126 -0.0498109
8.128 -0.0474943
8.13 -0.04608
8.132 -0.0452676
8.134 -0.0445645
8.136 -0.0440115
8.138 -0.0436497
8.14 -0.04352
8.142 -0.044238
8.144 -0.0460836
8.146 -0.0485942
8.148 -0.0513072
8.15 -0.05376
8.152 -0.056051
8.154 -0.0584916
8.156 -0.0609387
8.158 -0.0632492
8.16 -0.06528
8.162 -0.0671355
8.164 -0.0689418
8.166 -0.0705884
8.168 -0.0719647
8.17 -0.07296
8.172 -0.0736632
8.174 -0.0742503
8.176 -0.0747418
8.178 -0.0751582
8.18 -0.07552
8.182 -0.0758713
8.184 -0.0762156
8.186 -0.0765121
8.188 -0.0767205
8.19 -0.0768
8.192 -0.0768013
8.194 -0.0768019
8.196 -0.076802
8.198 -0.0768013
8.2 -0.0768
8.202 -0.0764631
8.204 -0.0755864
8.206 -0.0743662
8.208 -0.0729987
8.21 -0.07168
8.212 -0.0702177
8.214 -0.0684606
8.216 -0.0666665
8.218 -0.0650936
8.22 -0.064
8.222 -0.0632422
8.224 -0.0625459
8.226 -0.0619725
8.228 -0.0615834
8.23 -0.06144
8.232 -0.0618423
8.234 -0.0629029
8.236 -0.0644023
8.238 -0.0661212
8.24 -0.06784
8.242 -0.0696859
8.244 -0.0718635
8.246 -0.0742702
8.248 -0.0768032
8.25 -0.07936
8.252 -0.0820669
8.254 -0.0850027
8.256 -0.087993
8.258 -0.0908635
8.26 -0.09344
8.262 -0.0958916
8.264 -0.0983587
8.266 -0.100624
8.268 -0.10247
8.27 -0.10368
8.272 -0.104389
8.274 -0.104925
8.276 -0.105363
8.278 -0.105777
8.28 -0.10624
8.282 -0.106711
8.284 -0.107141
8.286 -0.107592
8.288 -0.108124
8.29 -0.1088
8.292 -0.109826
8.294 -0.111262
8.296 -0.112954
8.298 -0.114746
8.3 -0.11648
8.302 -0.118262
8.304 -0.120199
8.306 -0.122142
8.308 -0.123939
8.31 -0.12544
8.312 -0.126807
8.314 -0.128181
8.316 -0.129383
8.318 -0.130236
8.32 -0.13056
8.322 -0.130176
8.324 -0.129152
8.326 -0.12768
8.328 -0.125952
8.33 -0.12416
8.332 -0.121975
8.334 -0.119153
8.336 -0.116016
8.338 -0.112885
8.34 -0.11008
8.342 -0.107487
8.344 -0.104881
8.346 -0.102419
8.348 -0.10026
8.35 -0.09856
8.352 -0.0971201
8.354 -0.0957369
8.356 -0.0945617
8.358 -0.0937456
8.36 -0.09344
8.362 -0.0937165
8.364 -0.0944231
8.366 -0.0953754
8.368 -0.0963891
8.37 -0.09728
8.372 -0.0981094
8.374 -0.0990003
8.376 -0.0998605
8.378 -0.100598
8.38 -0.10112
8.382 -0.101499
8.384 -0.101847
8.386 -0.102134
8.388 -0.102328
8.39 -0.1024
8.392 -0.102188
8.394 -0.101663
8.396 -0.100987
8.398 -0.100325
8.4 -0.09984
8.402 -0.0994884
8.404 -0.0991437
8.406 -0.0988467
8.408 -0.0986385
8.41 -0.09856
8.412 -0.0988959
8.414 -0.0997724
8.416 -0.100993
8.418 -0.102361
8.42 -0.10368
8.422 -0.105019
8.424 -0.106531
8.426 -0.108141
8.428 -0.109775
8.43 -0.11136
8.432 -0.112978
8.434 -0.114678
8.436 -0.116337
8.438 -0.117832
8.44 -0.11904
8.442 -0.120095
8.444 -0.121129
8.446 -0.12202
8.448 -0.122644
8.45 -0.12288
8.452 -0.122634
8.454 -0.121989
8.456 -0.121083
8.458 -0.120054
8.46 -0.11904
8.462 -0.117965
8.464 -0.11671
8.466 -0.115354
8.468 -0.113971
8.47 -0.11264
8.472 -0.111309
8.474 -0.109926
8.476 -0.10857
8.478 -0.107315
8.48 -0.10624
8.482 -0.105325
8.484 -0.104492
8.486 -0.103733
8.488 -0.103039
8.49 -0.1024
8.492 -0.101795
8.494 -0.10122
8.496 -0.100692
8.498 -0.100226
8.5 -0.09984
8.502 -0.099554
8.504 -0.0993403
8.506 -0.0991416
8.508 -0.0989007
8.51 -0.09856
8.512 -0.0979739
8.514 -0.0970884
8.516 -0.095984
8.518 -0.0947411
8.52 -0.09344
8.522 -0.0919387
8.524 -0.0901417
8.526 -0.0881993
8.528 -0.086262
8.53 -0.08448
8.532 -0.0827865
8.534 -0.0810772
8.536 -0.0794466
8.538 -0.0779894
8.54 -0.0768
8.542 -0.0758857
8.544 -0.0751323
8.546 -0.0744521
8.548 -0.0737573
8.55 -0.07296
8.552 -0.0720062
8.554 -0.0709471
8.556 -0.0698529
8.558 -0.0687938
8.56 -0.06784
8.562 -0.0670018
8.564 -0.066225
8.566 -0.0654834
8.568 -0.0647505
8.57 -0.064
8.572 -0.0631091
8.574 -0.0620954
8.576 -0.061143
8.578 -0.0604365
8.58 -0.06016
8.582 -0.060375
8.584 -0.0609587
8.586 -0.0618189
8.588 -0.0628634
8.59 -0.064
8.592 -0.0655473
8.594 -0.0677204
8.596 -0.0702717
8.598 -0.0729541
8.6 -0.07552
8.602 -0.0780153
8.604 -0.0806077
8.606 -0.0832323
8.608 -0.0858247
8.61 -0.08832
8.612 -0.0908434
8.614 -0.0934407
8.616 -0.0959282
8.618 -0.0981225
8.62 -0.09984
8.622 -0.101171
8.624 -0.102335
8.626 -0.103347
8.628 -0.104217
8.63 -0.10496
8.632 -0.105554
8.634 -0.106025
8.636 -0.106455
8.638 -0.106926
8.64 -0.10752
8.642 -0.108293
8.644 -0.109224
8.646 -0.110281
8.648 -0.11143
8.65 -0.11264
8.652 -0.114155
8.654 -0.116017
8.656 -0.11789
8.658 -0.119437
8.66 -0.12032
8.662 -0.120734
8.664 -0.121087
8.666 -0.12136
8.668 -0.121537
8.67 -0.1216
8.672 -0.121373
8.674 -0.120764
8.676 -0.119886
8.678 -0.118847
8.68 -0.11776
8.682 -0.116379
8.684 -0.114549
8.686 -0.112513
8.688 -0.110516
8.69 -0.1088
8.692 -0.107296
8.694 -0.105823
8.696 -0.104463
8.698 -0.103295
8.7 -0.1024
8.702 -0.101666
8.704 -0.100972
8.706 -0.10039
8.708 -0.0999892
8.71 -0.09984
8.712 -0.0999322
8.714 -0.100168
8.716 -0.100485
8.718 -0.100823
8.72 -0.10112
8.722 -0.101362
8.724 -0.101591
8.726 -0.101827
8.728 -0.102089
8.73 -0.1024
8.732 -0.102803
8.734 -0.103301
8.736 -0.103854
8.738 -0.104421
8.74 -0.10496
8.742 -0.105426
8.744 -0.105847
8.746 -0.106291
8.748 -0.106826
8.75 -0.10752
8.752 -0.108611
8.754 -0.110196
8.756 -0.112131
8.758 -0.114274
8.76 -0.11648
8.762 -0.118917
8.764 -0.121726
8.766 -0.124724
8.768 -0.12773
8.77 -0.13056
8.772 -0.13322
8.774 -0.135832
8.776 -0.138396
8.778 -0.140906
8.78 -0.14336
8.782 -0.145926
8.784 -0.148608
8.786 -0.15116
8.788 -0.153333
8.79 -0.15488
8.792 -0.155918
8.794 -0.156766
8.796 -0.157479
8.798 -0.158112
8.8 -0.15872
8.802 -0.159298
8.804 -0.159818
8.806 -0.160305
8.808 -0.160784
8.81 -0.16128
8.812 -0.161757
8.814 -0.162199
8.816 -0.162658
8.818 -0.163188
8.82 -0.16384
8.822 -0.164735
8.824 -0.165903
8.826 -0.167263
8.828 -0.168736
8.83 -0.17024
8.832 -0.171889
8.834 -0.173752
8.836 -0.175688
8.838 -0.177551
8.84 -0.1792
8.842 -0.180821
8.844 -0.182527
8.846 -0.184063
8.848 -0.185172
8.85 -0.1856
8.852 -0.185601
8.854 -0.185602
8.856 -0.185602
8.858 -0.185601
8.86 -0.1856
8.862 -0.18534
8.864 -0.184668
8.866 -0.183743
8.868 -0.182721
8.87 -0.18176
8.872 -0.180848
8.874 -0.179872
8.876 -0.17884
8.878 -0.17776
8.88 -0.17664
8.882 -0.17547
8.884 -0.174238
8.886 -0.172952
8.888 -0.171617
8.89 -0.17024
8.892 -0.168828
8.894 -0.167374
8.896 -0.165857
8.898 -0.164259
8.9 -0.16256
8.902 -0.160765
8.904 -0.158871
8.906 -0.156851
8.908 -0.154677
8.91 -0.15232
8.912 -0.149679
8.914 -0.146732
8.916 -0.143569
8.918 -0.140282
8.92 -0.13696
8.922 -0.133484
8.924 -0.129784
8.926 -0.126031
8.928 -0.122393
8.93 -0.11904
8.932 -0.115908
8.934 -0.112864
8.936 -0.109979
8.938 -0.107321
8.94 -0.10496
8.942 -0.102627
8.944 -0.10023
8.946 -0.0981038
8.948 -0.0965824
8.95 -0.096
8.952 -0.0959987
8.954 -0.095998
8.956 -0.095998
8.958 -0.0959987
8.96 -0.096
8.962 -0.0963697
8.964 -0.0973119
8.966 -0.0985813
8.968 -0.0999324
8.97 -0.10112
8.972 -0.102308
8.974 -0.10366
8.976 -0.104929
8.978 -0.105871
8.98 -0.10624
8.982 -0.106179
8.984 -0.106004
8.986 -0.105733
8.988 -0.10538
8.99 -0.10496
8.992 -0.104064
8.994 -0.102451
8.996 -0.10039
8.998 -0.0981504
9 -0.096
9.002 -0.0938066
9.004 -0.0913782
9.006 -0.0888945
9.008 -0.0865352
9.01 -0.08448
9.012 -0.0826982
9.014 -0.0810394
9.016 -0.0795034
9.018 -0.0780902
9.02 -0.0768
9.022 -0.0754814
9.024 -0.0741138
9.026 -0.0728936
9.028 -0.0720169
9.03 -0.07168
9.032 -0.0716792
9.034 -0.0716796
9.036 -0.0716804
9.038 -0.0716808
9.04 -0.07168
9.042 -0.071522
9.044 -0.0711054
9.046 -0.0705119
9.048 -0.0698229
9.05 -0.06912
9.052 -0.0682598
9.054 -0.0671539
9.056 -0.0659661
9.058 -0.0648602
9.06 -0.064
9.062 -0.0632969
9.064 -0.0626074
9.066 -0.0620135
9.068 -0.061597
9.07 -0.06144
9.072 -0.0617456
9.074 -0.0625617
9.076 -0.0637369
9.078 -0.0651201
9.08 -0.06656
9.082 -0.0683185
9.084 -0.070595
9.086 -0.0731442
9.088 -0.075721
9.09 -0.07808
9.092 -0.0802807
9.094 -0.0824896
9.096 -0.0846221
9.098 -0.0865937
9.1 -0.08832
9.102 -0.0899256
9.104 -0.0915023
9.106 -0.0929162
9.108 -0.0940334
9.11 -0.09472
9.112 -0.0951262
9.114 -0.0954778
9.116 -0.0957542
9.118 -0.0959351
9.12 -0.096
9.122 -0.0957645
9.124 -0.0951398
9.126 -0.094249
9.128 -0.0932147
9.13 -0.09216
9.132 -0.0909517
9.134 -0.0894566
9.136 -0.0877978
9.138 -0.0860979
9.14 -0.08448
9.142 -0.0828948
9.144 -0.0812605
9.146 -0.0796508
9.148 -0.0781394
9.15 -0.0768
9.152 -0.0755466
9.154 -0.0743096
9.156 -0.0731873
9.158 -0.072278
9.16 -0.07168
9.162 -0.0712848
9.164 -0.0709345
9.166 -0.070654
9.168 -0.0704676
9.17 -0.0704
9.172 -0.0704717
9.174 -0.0706663
9.176 -0.070953
9.178 -0.0713011
9.18 -0.07168
9.182 -0.0722023
9.184 -0.0729395
9.186 -0.0737997
9.188 -0.0746906
9.19 -0.07552
9.192 -0.0762266
9.194 -0.0768717
9.196 -0.0775475
9.198 -0.0783463
9.2 -0.07936
9.202 -0.0808466
9.204 -0.0828982
9.206 -0.0853584
9.208 -0.0880711
9.21 -0.09088
9.212 -0.0939271
9.214 -0.0973724
9.216 -0.101086
9.218 -0.104938
9.22 -0.1088
9.222 -0.112843
9.224 -0.117159
9.226 -0.121503
9.228 -0.125626
9.23 -0.12928
9.232 -0.13288
9.234 -0.136639
9.236 -0.140006
9.238 -0.14243
9.24 -0.14336
9.242 -0.143301
9.244 -0.143133
9.246 -0.142866
9.248 -0.142511
9.25 -0.14208
9.252 -0.140955
9.254 -0.138752
9.256 -0.135831
9.258 -0.132553
9.26 -0.12928
9.262 -0.125745
9.264 -0.121637
9.266 -0.117249
9.268 -0.112872
9.27 -0.1088
9.272 -0.104968
9.274 -0.101173
9.276 -0.0975032
9.278 -0.0940435
9.28 -0.09088
9.282 -0.0879446
9.284 -0.0851456
9.286 -0.0825344
9.288 -0.0801621
9.29 -0.07808
9.292 -0.0761227
9.294 -0.0742049
9.296 -0.0724977
9.298 -0.0711724
9.3 -0.0704
9.302 -0.069986
9.304 -0.0696335
9.306 -0.0693599
9.308 -0.0691829
9.31 -0.06912
9.312 -0.0691985
9.314 -0.0694067
9.316 -0.0697037
9.318 -0.0700484
9.32 -0.0704
9.322 -0.0708301
9.324 -0.071383
9.326 -0.071977
9.328 -0.0725299
9.33 -0.07296
9.332 -0.073257
9.334 -0.0734925
9.336 -0.0737075
9.338 -0.073943
9.34 -0.07424
9.342 -0.0746428
9.344 -0.0751411
9.346 -0.0756941
9.348 -0.0762607
9.35 -0.0768
9.352 -0.0772769
9.354 -0.0777187
9.356 -0.078178
9.358 -0.0787076
9.36 -0.07936
9.362 -0.0803117
9.364 -0.0815933
9.366 -0.0830391
9.368 -0.0844833
9.37 -0.08576
9.372 -0.0869551
9.374 -0.0881848
9.376 -0.089329
9.378 -0.0902674
9.38 -0.09088
9.382 -0.0912753
9.384 -0.0916255
9.386 -0.0919061
9.388 -0.0920924
9.39 -0.09216
9.392 -0.091846
9.394 -0.0910131
9.396 -0.0898253
9.398 -0.0884463
9.4 -0.08704
9.402 -0.0854653
9.404 -0.0835448
9.406 -0.0813875
9.408 -0.0791029
9.41 -0.0768
9.412 -0.0743765
9.414 -0.0717483
9.416 -0.0690517
9.418 -0.0664235
9.42 -0.064
9.422 -0.061479
9.424 -0.0587579
9.426 -0.0562734
9.428 -0.0544619
9.43 -0.05376
9.432 -0.0537587
9.434 -0.0537581
9.436 -0.0537581
9.438 -0.0537587
9.44 -0.05376
9.442 -0.0540969
9.444 -0.0549736
9.446 -0.0561938
9.448 -0.0575614
9.45 -0.05888
9.452 -0.0602417
9.454 -0.0617978
9.456 -0.0634411
9.458 -0.0650642
9.46 -0.06656
9.462 -0.0679657
9.464 -0.0693574
9.466 -0.0706863
9.468 -0.0719034
9.47 -0.07296
9.472 -0.0739123
9.474 -0.0748186
9.476 -0.0756326
9.478 -0.0763085
9.48 -0.0768
9.482 -0.0771243
9.484 -0.0773632
9.486 -0.077568
9.488 -0.0777899
9.49 -0.07808
9.492 -0.0785101
9.494 -0.079063
9.496 -0.079657
9.498 -0.0802099
9.5 -0.08064
9.502 -0.0809916
9.504 -0.0813363
9.506 -0.0816333
9.508 -0.0818415
9.51 -0.08192
9.512 -0.0817708
9.514 -0.08137
9.516 -0.0807878
9.518 -0.0800944
9.52 -0.07936
9.522 -0.0784311
9.524 -0.077195
9.526 -0.0757833
9.528 -0.0743278
9.53 -0.07296
9.532 -0.0715922
9.534 -0.0701367
9.536 -0.068725
9.538 -0.0674889
9.54 -0.06656
9.542 -0.0658256
9.544 -0.0651323
9.546 -0.06455
9.548 -0.0641492
9.55 -0.064
9.552 -0.0644135
9.554 -0.0654966
9.556 -0.0670129
9.558 -0.0687262
9.56 -0.0704
9.562 -0.0721263
9.564 -0.0740979
9.566 -0.0762304
9.568 -0.0784393
9.57 -0.08064
9.572 -0.0829033
9.574 -0.0852887
9.576 -0.0876943
9.578 -0.0900186
9.58 -0.09216
9.582 -0.09421
9.584 -0.0962493
9.586 -0.0981596
9.588 -0.0998226
9.59 -0.10112
9.592 -0.102207
9.594 -0.103245
9.596 -0.104123
9.598 -0.104732
9.6 -0.10496
9.602 -0.104961
9.604 -0.104962
9.606 -0.104962
9.608 -0.104961
9.61 -0.10496
9.612 -0.104826
9.614 -0.104509
9.616 -0.104131
9.618 -0.103814
9.62 -0.10368
9.622 -0.103679
9.624 -0.103678
9.626 -0.103678
9.628 -0.103679
9.63 -0.10368
9.632 -0.103838
9.634 -0.104255
9.636 -0.104848
9.638 -0.105537
9.64 -0.10624
9.642 -0.107069
9.644 -0.108112
9.646 -0.109253
9.648 -0.110375
9.65 -0.11136
9.652 -0.112321
9.654 -0.113344
9.656 -0.11427
9.658 -0.114941
9.66 -0.1152
9.662 -0.114973
9.664 -0.114364
9.666 -0.113486
9.668 -0.112447
9.67 -0.11136
9.672 -0.110046
9.674 -0.108349
9.676 -0.106414
9.678 -0.104383
9.68 -0.1024
9.682 -0.100364
9.684 -0.0981754
9.686 -0.0959813
9.688 -0.0939274
9.69 -0.09216
9.692 -0.0905544
9.694 -0.0889777
9.696 -0.0875638
9.698 -0.0864466
9.7 -0.08576
9.702 -0.0853538
9.704 -0.0850022
9.706 -0.0847258
9.708 -0.0845449
9.71 -0.08448
9.712 -0.084637
9.714 -0.0850534
9.716 -0.0856474
9.718 -0.0863369
9.72 -0.08704
9.722 -0.0878456
9.724 -0.0888423
9.726 -0.0899482
9.728 -0.0910814
9.73 -0.09216
9.732 -0.0932074
9.734 -0.0942782
9.736 -0.0953373
9.738 -0.0963496
9.74 -0.09728
9.742 -0.0981182
9.744 -0.098895
9.746 -0.0996367
9.748 -0.10037
9.75 -0.10112
9.752 -0.101949
9.754 -0.10284
9.756 -0.1037
9.758 -0.104438
9.76 -0.10496
9.762 -0.105284
9.764 -0.105523
9.766 -0.105728
9.768 -0.10595
9.77 -0.10624
9.772 -0.10667
9.774 -0.107223
9.776 -0.107817
9.778 -0.10837
9.78 -0.1088
9.782 -0.109152
9.784 -0.109496
9.786 -0.109793
9.788 -0.110001
9.79 -0.11008
9.792 -0.109868
9.794 -0.109343
9.796 -0.108667
9.798 -0.108005
9.8 -0.10752
9.802 -0.107169
9.804 -0.106824
9.806 -0.106528
9.808 -0.10632
9.81 -0.10624
9.812 -0.106239
9.814 -0.106238
9.816 -0.106238
9.818 -0.106239
9.82 -0.10624
9.822 -0.106477
9.824 -0.107101
9.826 -0.107992
9.828 -0.109026
9.83 -0.11008
9.832 -0.111337
9.834 -0.112931
9.836 -0.114663
9.838 -0.116339
9.84 -0.11776
9.842 -0.119013
9.844 -0.12025
9.846 -0.121373
9.848 -0.122282
9.85 -0.12288
9.852 -0.123275
9.854 -0.123625
9.856 -0.123906
9.858 -0.124092
9.86 -0.12416
9.862 -0.123945
9.864 -0.123361
9.866 -0.122501
9.868 -0.121457
9.87 -0.12032
9.872 -0.118773
9.874 -0.1166
9.876 -0.114048
9.878 -0.111366
9.88 -0.1088
9.882 -0.10638
9.884 -0.103937
9.886 -0.101425
9.888 -0.0987953
9.89 -0.096
9.892 -0.0928804
9.894 -0.0894482
9.896 -0.0859118
9.898 -0.0824797
9.9 -0.07936
9.902 -0.076514
9.904 -0.0737827
9.906 -0.0711945
9.908 -0.0687774
9.91 -0.06656
9.912 -0.0644509
9.914 -0.0624042
9.916 -0.0605161
9.918 -0.0588827
9.92 -0.0576
9.922 -0.0565125
9.924 -0.0554742
9.926 -0.0545956
9.928 -0.0539873
9.93 -0.05376
9.932 -0.0538276
9.934 -0.054014
9.936 -0.0542945
9.938 -0.0546447
9.94 -0.05504
9.942 -0.0556526
9.944 -0.056591
9.946 -0.0577352
9.948 -0.0589649
9.95 -0.06016
9.952 -0.0613717
9.954 -0.0626859
9.956 -0.0640341
9.958 -0.0653483
9.96 -0.06656
9.962 -0.0676568
9.964 -0.0686899
9.966 -0.0696866
9.968 -0.0706742
9.97 -0.07168
9.972 -0.0728676
9.974 -0.0742188
9.976 -0.0754881
9.978 -0.0764303
9.98 -0.0768
9.982 -0.076801
9.984 -0.0768012
9.986 -0.0768008
9.988 -0.0768003
9.99 -0.0768
9.992 -nan
9.994 -nan
9.996 -nan
9.998 -nan
