6321.0
6319.2
6311.0
6301.0
6291.0
6282.2
6273.5
6264.7
6256.0
6246.0
6236.0
6221.0
6203.5
6186.0
6168.5
6151.0
6148.2
6145.3
6139.7
6134.0
6128.3
6117.2
6111.6
6106.0
6094.7
6089.0
6083.3
6072.2
6061.0
6048.8
6038.3
6023.1
6016.0
6006.6
5997.1
5984.1
5971.0
5963.9
5956.7
5945.0
5933.1
5927.1
5921.0
5906.3
5891.4
5881.3
5871.0
5856.8
5845.0
5843.8
5839.5
5839.3
5839.1
5838.7
5837.9
5836.2
5835.8
5835.4
5834.7
5833.1
5821.0
5812.3
5798.2
5792.5
5783.9
5779.5
5778.7
5771.0
5767.2
5760.6
5753.4
5736.0
5734.3
5732.6
5730.9
5716.0
5701.0
5696.3
5691.6
5682.1
5666.2
5662.4
5662.1
5661.9
5661.3
5660.2
5660.1
5659.5
5658.9
5657.6
5655.1
5650.0
5629.3
5614.7
5600.0
5595.6
5591.1
5582.2
5564.3
5548.3
5540.3
5532.3
5516.2
5508.1
5500.0
5482.3
5473.4
5464.5
5448.4
5440.4
5432.4
5416.2
5408.1
5400.0
5382.3
5364.6
5332.4
5330.7
5300.0
5268.6
5237.0
5200.0
5181.1
5162.2
5143.1
5124.1
5123.5
5123.0
5121.8
5120.7
5119.5
5118.1
5116.6
5116.6
5115.2
5113.7
5110.8
5107.9
5103.9
5100.0
5099.8
5097.6
5095.0
5092.5
5087.3
5082.2
5077.0
5071.9
5066.7
5066.1
5065.6
5064.5
5063.4
5062.2
5060.0
5057.8
5053.3
5048.8
5039.8
5030.8
5015.4
5007.7
5000.0
4984.4
4968.7
4958.2
4947.7
4937.2
4927.9
4918.6
4914.9
4911.2
4907.5
4903.7
4900.0
4903.7
4907.5
4911.2
4914.9
4918.6
4927.9
4937.2
4947.7
4958.2
4968.7
4984.4
5000.0
5007.7
5015.4
5030.8
5039.8
5048.8
5053.3
5057.8
5060.0
5062.2
5063.4
5064.5
5065.6
5066.1
5066.7
5071.9
5077.0
5082.2
5087.3
5092.5
5095.0
5097.6
5099.8
5100.0
5103.9
5107.9
5110.8
5113.7
5115.2
5116.6
5116.6
5118.1
5119.5
5120.7
5121.8
5123.0
5123.5
5124.1
5143.1
5162.2
5181.1
5200.0
5237.0
5268.6
5300.0
5330.7
5332.4
5364.6
5382.3
5400.0
5408.1
5416.2
5432.4
5440.4
5448.4
5464.5
5473.4
5482.3
5500.0
5508.1
5516.2
5532.3
5540.3
5548.3
5564.3
5582.2
5591.1
5595.6
5600.0
5614.7
5629.3
5650.0
5655.1
5657.6
5658.9
5659.5
5660.1
5660.2
5661.3
5661.9
5662.1
5662.4
5666.2
5682.1
5691.6
5696.3
5701.0
5716.0
5730.9
5732.6
5734.3
5736.0
5753.4
5760.6
5767.2
5771.0
5778.7
5779.5
5783.9
5792.5
5798.2
5812.3
5821.0
5833.1
5834.7
5835.4
5835.8
5836.2
5837.9
5838.7
5839.1
5839.3
5839.5
5843.8
5845.0
5856.8
5871.0
5881.3
5891.4
5906.3
5921.0
5927.1
5933.1
5945.0
5956.7
5963.9
5971.0
5984.1
5997.1
6006.6
6016.0
6023.1
6038.3
6048.8
6061.0
6072.2
6083.3
6089.0
6094.7
6106.0
6111.6
6117.2
6128.3
6134.0
6139.7
6145.3
6148.2
6151.0
6168.5
6186.0
6203.5
6221.0
6236.0
6246.0
6256.0
6264.7
6273.5
6282.2
6291.0
6301.0
6311.0
6319.2
6321.0
6323.2
6327.3
6331.0
6334.9
6338.8
6342.7
6344.6
6346.6
6351.3
6353.7
6354.8
6356.0
6363.5
6367.2
6369.1
6370.1
6371.0
