1.01363
1.01334
1.01203
1.01042
1.00882
1.00741
1.00601
1.0046
1.00321
1.0016
1
0.997595
0.994788
0.991982
0.989176
0.986369
0.98592
0.985455
0.984557
0.983643
0.982729
0.980949
0.980051
0.979153
0.977341
0.976427
0.975513
0.973733
0.971937
0.969981
0.968297
0.96586
0.964721
0.963214
0.96169
0.959606
0.957505
0.956366
0.955212
0.953335
0.951427
0.950465
0.949487
0.94713
0.94474
0.943121
0.941469
0.939192
0.9373
0.937107
0.936418
0.936386
0.936353
0.936289
0.936161
0.935888
0.935824
0.93576
0.935648
0.935391
0.933451
0.932056
0.929795
0.928881
0.927502
0.926796
0.926668
0.925433
0.924824
0.923765
0.922611
0.91982
0.919548
0.919275
0.919003
0.916613
0.914208
0.913454
0.9127
0.911177
0.908627
0.908018
0.90797
0.907938
0.907842
0.907665
0.907649
0.907553
0.907457
0.907248
0.906847
0.90603
0.90271
0.900369
0.898012
0.897306
0.896584
0.895157
0.892287
0.889721
0.888438
0.887155
0.884573
0.883275
0.881976
0.879137
0.87771
0.876283
0.873701
0.872418
0.871135
0.868538
0.867239
0.86594
0.863101
0.860263
0.855099
0.854827
0.849904
0.844869
0.839801
0.833868
0.830837
0.827806
0.824743
0.821697
0.8216
0.82152
0.821328
0.821151
0.820959
0.820734
0.820494
0.820494
0.820269
0.820029
0.819564
0.819099
0.818457
0.817832
0.8178
0.817447
0.81703
0.816629
0.815795
0.814978
0.814144
0.813326
0.812492
0.812396
0.812316
0.812139
0.811963
0.81177
0.811418
0.811065
0.810343
0.809622
0.808178
0.806735
0.804266
0.803031
0.801796
0.799294
0.796777
0.795093
0.793409
0.791725
0.790234
0.788743
0.788149
0.787556
0.786963
0.786353
0.78576
0.786353
0.786963
0.787556
0.788149
0.788743
0.790234
0.791725
0.793409
0.795093
0.796777
0.799294
0.801796
0.803031
0.804266
0.806735
0.808178
0.809622
0.810343
0.811065
0.811418
0.81177
0.811963
0.812139
0.812316
0.812396
0.812492
0.813326
0.814144
0.814978
0.815795
0.816629
0.81703
0.817447
0.8178
0.817832
0.818457
0.819099
0.819564
0.820029
0.820269
0.820494
0.820494
0.820734
0.820959
0.821151
0.821328
0.82152
0.8216
0.821697
0.824743
0.827806
0.830837
0.833868
0.839801
0.844869
0.849904
0.854827
0.855099
0.860263
0.863101
0.86594
0.867239
0.868538
0.871135
0.872418
0.873701
0.876283
0.87771
0.879137
0.881976
0.883275
0.884573
0.887155
0.888438
0.889721
0.892287
0.895157
0.896584
0.897306
0.898012
0.900369
0.90271
0.90603
0.906847
0.907248
0.907457
0.907553
0.907649
0.907665
0.907842
0.907938
0.90797
0.908018
0.908627
0.911177
0.9127
0.913454
0.914208
0.916613
0.919003
0.919275
0.919548
0.91982
0.922611
0.923765
0.924824
0.925433
0.926668
0.926796
0.927502
0.928881
0.929795
0.932056
0.933451
0.935391
0.935648
0.93576
0.935824
0.935888
0.936161
0.936289
0.936353
0.936386
0.936418
0.937107
0.9373
0.939192
0.941469
0.943121
0.94474
0.94713
0.949487
0.950465
0.951427
0.953335
0.955212
0.956366
0.957505
0.959606
0.96169
0.963214
0.964721
0.96586
0.968297
0.969981
0.971937
0.973733
0.975513
0.976427
0.977341
0.979153
0.980051
0.980949
0.982729
0.983643
0.984557
0.985455
0.98592
0.986369
0.989176
0.991982
0.994788
0.997595
1
1.0016
1.00321
1.0046
1.00601
1.00741
1.00882
1.01042
1.01203
1.01334
1.01363
1.01398
1.01464
1.01523
1.01586
1.01648
1.01711
1.01742
1.01774
1.01849
1.01887
1.01905
1.01924
1.02045
1.02104
1.02134
1.0215
1.02165
