0 6271
0.0265238 6270.95
0.0541544 6270.9
0.0830433 6270.85
0.11338 6270.8
0.145407 6270.75
0.179444 6270.7
0.215923 6270.65
0.25546 6270.6
0.298985 6270.55
0.348017 6270.5
0.405382 6270.45
0.477662 6270.4
0.591784 6270.35

0.591784 6270.35
0.705907 6270.4
0.778186 6270.45
0.835551 6270.5
0.884583 6270.55
0.928108 6270.6
0.967646 6270.65
1.00412 6270.7
1.03816 6270.75
1.07019 6270.8
1.10053 6270.85
1.12941 6270.9
1.15704 6270.95
1.18357 6271
1.20911 6271.05
1.23377 6271.1
1.25763 6271.15
1.28077 6271.2
1.30325 6271.25
1.32512 6271.3
1.34643 6271.35
1.36722 6271.4
1.38753 6271.45
1.40738 6271.5
1.42682 6271.55
1.44586 6271.6
1.46452 6271.65
1.48284 6271.7
1.50082 6271.75
1.51848 6271.8
1.53585 6271.85
1.55293 6271.9
1.56974 6271.95
1.5863 6272
1.60261 6272.05
1.61868 6272.1
1.63452 6272.15
1.65015 6272.2
1.66557 6272.25
1.6808 6272.3
1.69583 6272.35
1.71067 6272.4
1.72534 6272.45
1.73983 6272.5
1.75416 6272.55
1.76833 6272.6
1.78234 6272.65
1.7962 6272.7
1.80992 6272.75
1.82349 6272.8
1.83693 6272.85
1.85024 6272.9
1.86342 6272.95
1.87647 6273
1.8894 6273.05
1.90221 6273.1
1.91491 6273.15
1.9275 6273.2
1.93998 6273.25
1.95235 6273.3
1.96462 6273.35
1.97678 6273.4
1.98885 6273.45
2.00083 6273.5
2.0127 6273.55
2.02449 6273.6
2.03619 6273.65
2.0478 6273.7
2.05932 6273.75
2.07076 6273.8
2.08212 6273.85
2.0934 6273.9
2.1046 6273.95
2.11573 6274
2.12677 6274.05
2.13775 6274.1
2.14865 6274.15
2.15948 6274.2
2.17025 6274.25
2.18094 6274.3
2.19157 6274.35
2.20213 6274.4
2.21263 6274.45
2.22306 6274.5
2.23343 6274.55
2.24374 6274.6
2.254 6274.65
2.26419 6274.7
2.27432 6274.75
2.2844 6274.8
2.29442 6274.85
2.30439 6274.9
2.3143 6274.95
2.32416 6275
2.33397 6275.05
2.34372 6275.1
2.35343 6275.15
2.36309 6275.2
2.37269 6275.25
2.38225 6275.3
2.39176 6275.35
2.40122 6275.4
2.41064 6275.45
2.42001 6275.5
2.42934 6275.55
2.43862 6275.6
2.44786 6275.65
2.45705 6275.7
2.46621 6275.75
2.47532 6275.8
2.48439 6275.85
2.49342 6275.9
2.50241 6275.95
2.51136 6276
2.52027 6276.05
2.52914 6276.1
2.53798 6276.15
2.54677 6276.2
2.55553 6276.25
2.56426 6276.3
2.57294 6276.35
2.58159 6276.4
2.59021 6276.45
2.59879 6276.5
2.60734 6276.55
2.61585 6276.6
2.62433 6276.65
2.63278 6276.7
2.64119 6276.75
2.64957 6276.8
2.65792 6276.85
2.66624 6276.9
2.67452 6276.95
2.68278 6277
2.691 6277.05
2.6992 6277.1
2.70736 6277.15
2.7155 6277.2
2.7236 6277.25
2.73168 6277.3
2.73973 6277.35
2.74775 6277.4
2.75574 6277.45
2.7637 6277.5
2.77164 6277.55
2.77955 6277.6
2.78743 6277.65
2.79529 6277.7
2.80312 6277.75
2.81092 6277.8
2.8187 6277.85
2.82645 6277.9
2.83418 6277.95
2.84188 6278
2.84956 6278.05
2.85721 6278.1
2.86484 6278.15
2.87244 6278.2
2.88002 6278.25
2.88758 6278.3
2.89511 6278.35
2.90262 6278.4
2.91011 6278.45
2.91758 6278.5
2.92502 6278.55
2.93244 6278.6
2.93984 6278.65
2.94721 6278.7
2.95457 6278.75
2.9619 6278.8
2.96921 6278.85
2.9765 6278.9
2.98377 6278.95
2.99102 6279
2.99825 6279.05
3.00545 6279.1
3.01264 6279.15
3.01981 6279.2
3.02696 6279.25
3.03408 6279.3
3.04119 6279.35
3.04828 6279.4
3.05535 6279.45
3.0624 6279.5
3.06943 6279.55
3.07644 6279.6
3.08344 6279.65
3.09041 6279.7
3.09737 6279.75
3.10431 6279.8
3.11123 6279.85
3.11814 6279.9
3.12502 6279.95
3.13189 6280
3.13874 6280.05
3.14557 6280.1
3.15239 6280.15
3.15919 6280.2
3.16597 6280.25
3.17273 6280.3
3.17948 6280.35
3.18621 6280.4
3.19293 6280.45
3.19963 6280.5
3.20631 6280.55
3.21298 6280.6
3.21963 6280.65
3.22627 6280.7
3.23289 6280.75
3.23949 6280.8
3.24608 6280.85
3.25265 6280.9
3.25921 6280.95
3.26575 6281
3.27228 6281.05
3.27879 6281.1
3.28529 6281.15
3.29177 6281.2
3.29824 6281.25
3.30469 6281.3
3.31113 6281.35
3.31756 6281.4
3.32397 6281.45
3.33037 6281.5
3.33675 6281.55
3.34312 6281.6
3.34947 6281.65
3.35581 6281.7
3.36214 6281.75
3.36846 6281.8
3.37476 6281.85
3.38104 6281.9
3.38732 6281.95
3.39358 6282
3.39982 6282.05
3.40606 6282.1
3.41228 6282.15
3.41849 6282.2
3.42468 6282.25
3.43087 6282.3
3.43704 6282.35
3.44319 6282.4
3.44934 6282.45
3.45547 6282.5
3.46159 6282.55
3.4677 6282.6
3.4738 6282.65
3.47988 6282.7
3.48595 6282.75
3.49201 6282.8
3.49806 6282.85
3.5041 6282.9
3.51012 6282.95
3.51613 6283
3.52213 6283.05
3.52812 6283.1
3.5341 6283.15
3.54007 6283.2
3.54602 6283.25
3.55197 6283.3
3.5579 6283.35
3.56382 6283.4
3.56973 6283.45
3.57563 6283.5
3.58152 6283.55
3.5874 6283.6
3.59326 6283.65
3.59912 6283.7
3.60497 6283.75
3.6108 6283.8
3.61662 6283.85
3.62244 6283.9
3.62824 6283.95
3.63403 6284
3.63982 6284.05
3.64559 6284.1
3.65135 6284.15
3.6571 6284.2
3.66284 6284.25
3.66858 6284.3
3.6743 6284.35
3.68001 6284.4
3.68571 6284.45
3.6914 6284.5
3.69708 6284.55
3.70276 6284.6
3.70842 6284.65
3.71407 6284.7
3.71972 6284.75
3.72535 6284.8
3.73097 6284.85
3.73659 6284.9
3.74219 6284.95
3.74779 6285
3.75338 6285.05
3.75895 6285.1
3.76452 6285.15
3.77008 6285.2
3.77563 6285.25
3.78117 6285.3
3.7867 6285.35
3.79223 6285.4
3.79774 6285.45
3.80325 6285.5
3.80874 6285.55
3.81423 6285.6
3.81971 6285.65
3.82518 6285.7
3.83064 6285.75
3.83609 6285.8
3.84154 6285.85
3.84697 6285.9
3.8524 6285.95
3.85782 6286
3.86323 6286.05
3.86863 6286.1
3.87403 6286.15
3.87941 6286.2
3.88479 6286.25
3.89016 6286.3
3.89552 6286.35
3.90087 6286.4
3.90621 6286.45
3.91155 6286.5
3.91688 6286.55
3.9222 6286.6
3.92751 6286.65
3.93282 6286.7
3.93811 6286.75
3.9434 6286.8
3.94868 6286.85
3.95395 6286.9
3.95922 6286.95
3.96448 6287
3.96973 6287.05
3.97497 6287.1
3.98021 6287.15
3.98543 6287.2
3.99065 6287.25
3.99586 6287.3
4.00107 6287.35
4.00627 6287.4
4.01146 6287.45
4.01664 6287.5
4.02181 6287.55
4.02698 6287.6
4.03214 6287.65
4.0373 6287.7
4.04244 6287.75
4.04758 6287.8
4.05271 6287.85
4.05784 6287.9
4.06296 6287.95
4.06807 6288
4.07317 6288.05
4.07827 6288.1
4.08336 6288.15
4.08844 6288.2
4.09352 6288.25
4.09858 6288.3
4.10365 6288.35
4.1087 6288.4
4.11375 6288.45
4.11879 6288.5
4.12383 6288.55
4.12886 6288.6
4.13388 6288.65
4.13889 6288.7
4.1439 6288.75
4.1489 6288.8
4.1539 6288.85
4.15889 6288.9
4.16387 6288.95
4.16885 6289
4.17382 6289.05
4.17878 6289.1
4.18373 6289.15
4.18868 6289.2
4.19363 6289.25
4.19857 6289.3
4.2035 6289.35
4.20842 6289.4
4.21334 6289.45
4.21825 6289.5
4.22316 6289.55
4.22806 6289.6
4.23295 6289.65
4.23784 6289.7
4.24272 6289.75
4.2476 6289.8
4.25247 6289.85
4.25733 6289.9
4.26219 6289.95
4.26704 6290
4.27189 6290.05
4.27673 6290.1
4.28156 6290.15
4.28639 6290.2
4.29121 6290.25
4.29602 6290.3
4.30083 6290.35
4.30564 6290.4
4.31044 6290.45
4.31523 6290.5
4.32002 6290.55
4.3248 6290.6
4.32957 6290.65
4.33434 6290.7
4.33911 6290.75
4.34387 6290.8
4.34862 6290.85
4.35337 6290.9
4.35811 6290.95
4.36285 6291
4.36758 6291.05
4.3723 6291.1
4.37702 6291.15
4.38174 6291.2
4.38645 6291.25
4.39115 6291.3
4.39585 6291.35
4.40054 6291.4
4.40523 6291.45
4.40991 6291.5
4.41459 6291.55
4.41926 6291.6
4.42392 6291.65
4.42858 6291.7
4.43324 6291.75
4.43789 6291.8
4.44253 6291.85
4.44717 6291.9
4.45181 6291.95
4.45644 6292
4.46106 6292.05
4.46568 6292.1
4.4703 6292.15
4.47491 6292.2
4.47951 6292.25
4.48411 6292.3
4.4887 6292.35
4.49329 6292.4
4.49787 6292.45
4.50245 6292.5
4.50703 6292.55
4.5116 6292.6
4.51616 6292.65
4.52072 6292.7
4.52527 6292.75
4.52982 6292.8
4.53437 6292.85
4.53891 6292.9
4.54344 6292.95
4.54797 6293
4.55249 6293.05
4.55701 6293.1
4.56153 6293.15
4.56604 6293.2
4.57055 6293.25
4.57505 6293.3
4.57954 6293.35
4.58404 6293.4
4.58852 6293.45
4.59301 6293.5
4.59748 6293.55
4.60196 6293.6
4.60642 6293.65
4.61089 6293.7
4.61535 6293.75
4.6198 6293.8
4.62425 6293.85
4.6287 6293.9
4.63314 6293.95
4.63758 6294
4.64201 6294.05
4.64644 6294.1
4.65086 6294.15
4.65528 6294.2
4.65969 6294.25
4.6641 6294.3
4.66851 6294.35
4.67291 6294.4
4.6773 6294.45
4.6817 6294.5
4.68608 6294.55
4.69047 6294.6
4.69485 6294.65
4.69922 6294.7
4.70359 6294.75
4.70796 6294.8
4.71232 6294.85
4.71668 6294.9
4.72103 6294.95
4.72538 6295
4.72972 6295.05
4.73407 6295.1
4.7384 6295.15
4.74273 6295.2
4.74706 6295.25
4.75139 6295.3
4.75571 6295.35
4.76002 6295.4
4.76433 6295.45
4.76864 6295.5
4.77294 6295.55
4.77724 6295.6
4.78154 6295.65
4.78583 6295.7
4.79012 6295.75
4.7944 6295.8
4.79868 6295.85
4.80295 6295.9
4.80722 6295.95
4.81149 6296
4.81575 6296.05
4.82001 6296.1
4.82427 6296.15
4.82852 6296.2
4.83277 6296.25
4.83701 6296.3
4.84125 6296.35
4.84549 6296.4
4.84972 6296.45
4.85394 6296.5
4.85817 6296.55
4.86239 6296.6
4.8666 6296.65
4.87082 6296.7
4.87503 6296.75
4.87923 6296.8
4.88343 6296.85
4.88763 6296.9
4.89182 6296.95
4.89601 6297
4.9002 6297.05
4.90438 6297.1
4.90856 6297.15
4.91273 6297.2
4.9169 6297.25
4.92107 6297.3
4.92523 6297.35
4.92939 6297.4
4.93355 6297.45
4.9377 6297.5
4.94185 6297.55
4.94599 6297.6
4.95014 6297.65
4.95427 6297.7
4.95841 6297.75
4.96254 6297.8
4.96667 6297.85
4.97079 6297.9
4.97491 6297.95
4.97903 6298
4.98314 6298.05
4.98725 6298.1
4.99135 6298.15
4.99546 6298.2
4.99956 6298.25
5.00365 6298.3
5.00774 6298.35
5.01183 6298.4
5.01592 6298.45
5.02 6298.5
5.02407 6298.55
5.02815 6298.6
5.03222 6298.65
5.03629 6298.7
5.04035 6298.75
5.04441 6298.8
5.04847 6298.85
5.05252 6298.9
5.05657 6298.95
5.06062 6299
5.06466 6299.05
5.06871 6299.1
5.07274 6299.15
5.07678 6299.2
5.08081 6299.25
5.08483 6299.3
5.08886 6299.35
5.09288 6299.4
5.0969 6299.45
5.10091 6299.5
5.10492 6299.55
5.10893 6299.6
5.11293 6299.65
5.11693 6299.7
5.12093 6299.75
5.12492 6299.8
5.12892 6299.85
5.1329 6299.9
5.13689 6299.95
5.14087 6300
5.14485 6300.05
5.14882 6300.1
5.1528 6300.15
5.15676 6300.2
5.16073 6300.25
5.16469 6300.3
5.16865 6300.35
5.17261 6300.4
5.17656 6300.45
5.18051 6300.5
5.18446 6300.55
5.1884 6300.6
5.19234 6300.65
5.19628 6300.7
5.20021 6300.75
5.20415 6300.8
5.20807 6300.85
5.212 6300.9
5.21592 6300.95
5.21984 6301
5.22376 6301.05
5.22767 6301.1
5.23158 6301.15
5.23549 6301.2
5.23939 6301.25
5.24329 6301.3
5.24719 6301.35
5.25109 6301.4
5.25498 6301.45
5.25887 6301.5
5.26275 6301.55
5.26664 6301.6
5.27052 6301.65
5.27439 6301.7
5.27827 6301.75
5.28214 6301.8
5.28601 6301.85
5.28987 6301.9
5.29374 6301.95
5.2976 6302
5.30145 6302.05
5.30531 6302.1
5.30916 6302.15
5.31301 6302.2
5.31685 6302.25
5.3207 6302.3
5.32454 6302.35
5.32837 6302.4
5.33221 6302.45
5.33604 6302.5
5.33987 6302.55
5.34369 6302.6
5.34751 6302.65
5.35133 6302.7
5.35515 6302.75
5.35897 6302.8
5.36278 6302.85
5.36659 6302.9
5.37039 6302.95
5.3742 6303
5.378 6303.05
5.38179 6303.1
5.38559 6303.15
5.38938 6303.2
5.39317 6303.25
5.39696 6303.3
5.40074 6303.35
5.40452 6303.4
5.4083 6303.45
5.41208 6303.5
5.41585 6303.55
5.41962 6303.6
5.42339 6303.65
5.42716 6303.7
5.43092 6303.75
5.43468 6303.8
5.43844 6303.85
5.44219 6303.9
5.44594 6303.95
5.44969 6304
5.45344 6304.05
5.45718 6304.1
5.46093 6304.15
5.46466 6304.2
5.4684 6304.25
5.47213 6304.3
5.47587 6304.35
5.47959 6304.4
5.48332 6304.45
5.48704 6304.5
5.49076 6304.55
5.49448 6304.6
5.4982 6304.65
5.50191 6304.7
5.50562 6304.75
5.50933 6304.8
5.51303 6304.85
5.51674 6304.9
5.52044 6304.95
5.52414 6305
5.52783 6305.05
5.53152 6305.1
5.53521 6305.15
5.5389 6305.2
5.54259 6305.25
5.54627 6305.3
5.54995 6305.35
5.55363 6305.4
5.5573 6305.45
5.56098 6305.5
5.56465 6305.55
5.56832 6305.6
5.57198 6305.65
5.57564 6305.7
5.5793 6305.75
5.58296 6305.8
5.58662 6305.85
5.59027 6305.9
5.59392 6305.95
5.59757 6306
5.60122 6306.05
5.60486 6306.1
5.6085 6306.15
5.61214 6306.2
5.61578 6306.25
5.61941 6306.3
5.62304 6306.35
5.62667 6306.4
5.6303 6306.45
5.63392 6306.5
5.63755 6306.55
5.64117 6306.6
5.64478 6306.65
5.6484 6306.7
5.65201 6306.75
5.65562 6306.8
5.65923 6306.85
5.66284 6306.9
5.66644 6306.95
5.67004 6307
5.67364 6307.05
5.67724 6307.1
5.68083 6307.15
5.68442 6307.2
5.68801 6307.25
5.6916 6307.3
5.69519 6307.35
5.69877 6307.4
5.70235 6307.45
5.70593 6307.5
5.7095 6307.55
5.71308 6307.6
5.71665 6307.65
5.72022 6307.7
5.72379 6307.75
5.72735 6307.8
5.73091 6307.85
5.73447 6307.9
5.73803 6307.95
5.74159 6308
5.74514 6308.05
5.74869 6308.1
5.75224 6308.15
5.75579 6308.2
5.75934 6308.25
5.76288 6308.3
5.76642 6308.35
5.76996 6308.4
5.77349 6308.45
5.77703 6308.5
5.78056 6308.55
5.78409 6308.6
5.78762 6308.65
5.79114 6308.7
5.79466 6308.75
5.79819 6308.8
5.8017 6308.85
5.80522 6308.9
5.80874 6308.95
5.81225 6309
5.81576 6309.05
5.81927 6309.1
5.82277 6309.15
5.82628 6309.2
5.82978 6309.25
5.83328 6309.3
5.83678 6309.35
5.84027 6309.4
5.84376 6309.45
5.84726 6309.5
5.85074 6309.55
5.85423 6309.6
5.85772 6309.65
5.8612 6309.7
5.86468 6309.75
5.86816 6309.8
5.87164 6309.85
5.87511 6309.9
5.87858 6309.95
5.88205 6310
5.88552 6310.05
5.88899 6310.1
5.89245 6310.15
5.89592 6310.2
5.89938 6310.25
5.90284 6310.3
5.90629 6310.35
5.90975 6310.4
5.9132 6310.45
5.91665 6310.5
5.9201 6310.55
5.92354 6310.6
5.92699 6310.65
5.93043 6310.7
5.93387 6310.75
5.93731 6310.8
5.94074 6310.85
5.94418 6310.9
5.94761 6310.95
5.95104 6311
5.95447 6311.05
5.9579 6311.1
5.96132 6311.15
5.96474 6311.2
5.96816 6311.25
5.97158 6311.3
5.975 6311.35
5.97841 6311.4
5.98183 6311.45
5.98524 6311.5
5.98865 6311.55
5.99205 6311.6
5.99546 6311.65
5.99886 6311.7
6.00226 6311.75
6.00566 6311.8
6.00906 6311.85
6.01245 6311.9
6.01585 6311.95
6.01924 6312
6.02263 6312.05
6.02602 6312.1
6.0294 6312.15
6.03279 6312.2
6.03617 6312.25
6.03955 6312.3
6.04293 6312.35
6.0463 6312.4
6.04968 6312.45
6.05305 6312.5
6.05642 6312.55
6.05979 6312.6
6.06316 6312.65
6.06652 6312.7
6.06989 6312.75
6.07325 6312.8
6.07661 6312.85
6.07997 6312.9
6.08332 6312.95
6.08668 6313
6.09003 6313.05
6.09338 6313.1
6.09673 6313.15
6.10007 6313.2
6.10342 6313.25
6.10676 6313.3
6.1101 6313.35
6.11344 6313.4
6.11678 6313.45
6.12012 6313.5
6.12345 6313.55
6.12678 6313.6
6.13011 6313.65
6.13344 6313.7
6.13677 6313.75
6.1401 6313.8
6.14342 6313.85
6.14674 6313.9
6.15006 6313.95
6.15338 6314
6.1567 6314.05
6.16001 6314.1
6.16332 6314.15
6.16663 6314.2
6.16994 6314.25
6.17325 6314.3
6.17656 6314.35
6.17986 6314.4
6.18316 6314.45
6.18646 6314.5
6.18976 6314.55
6.19306 6314.6
6.19636 6314.65
6.19965 6314.7
6.20294 6314.75
6.20623 6314.8
6.20952 6314.85
6.21281 6314.9
6.21609 6314.95
6.21938 6315
6.22266 6315.05
6.22594 6315.1
6.22921 6315.15
6.23249 6315.2
6.23577 6315.25
6.23904 6315.3
6.24231 6315.35
6.24558 6315.4
6.24885 6315.45
6.25212 6315.5
6.25538 6315.55
6.25864 6315.6
6.2619 6315.65
6.26516 6315.7
6.26842 6315.75
6.27168 6315.8
6.27493 6315.85
6.27819 6315.9
6.28144 6315.95
6.28469 6316
6.28794 6316.05
6.29118 6316.1
6.29443 6316.15
6.29767 6316.2
6.30091 6316.25
6.30415 6316.3
6.30739 6316.35
6.31063 6316.4
6.31386 6316.45
6.31709 6316.5
6.32033 6316.55
6.32356 6316.6
6.32678 6316.65
6.33001 6316.7
6.33324 6316.75
6.33646 6316.8
6.33968 6316.85
6.3429 6316.9
6.34612 6316.95
6.34934 6317
6.35255 6317.05
6.35577 6317.1
6.35898 6317.15
6.36219 6317.2
6.3654 6317.25
6.36861 6317.3
6.37181 6317.35
6.37502 6317.4
6.37822 6317.45
6.38142 6317.5
6.38462 6317.55
6.38782 6317.6
6.39102 6317.65
6.39421 6317.7
6.39741 6317.75
6.4006 6317.8
6.40379 6317.85
6.40698 6317.9
6.41017 6317.95
6.41335 6318
6.41654 6318.05
6.41972 6318.1
6.4229 6318.15
6.42608 6318.2
6.42926 6318.25
6.43243 6318.3
6.43561 6318.35
6.43878 6318.4
6.44195 6318.45
6.44512 6318.5
6.44829 6318.55
6.45146 6318.6
6.45463 6318.65
6.45779 6318.7
6.46095 6318.75
6.46411 6318.8
6.46727 6318.85
6.47043 6318.9
6.47359 6318.95
6.47674 6319
6.4799 6319.05
6.48305 6319.1
6.4862 6319.15
6.48935 6319.2
6.4925 6319.25
6.49565 6319.3
6.49879 6319.35
6.50193 6319.4
6.50508 6319.45
6.50822 6319.5
6.51135 6319.55
6.51449 6319.6
6.51763 6319.65
6.52076 6319.7
6.5239 6319.75
6.52703 6319.8
6.53016 6319.85
6.53329 6319.9
6.53641 6319.95
6.53954 6320
6.54266 6320.05
6.54579 6320.1
6.54891 6320.15
6.55203 6320.2
6.55515 6320.25
6.55826 6320.3
6.56138 6320.35
6.56449 6320.4
6.56761 6320.45
6.57072 6320.5
6.57383 6320.55
6.57694 6320.6
6.58004 6320.65
6.58315 6320.7
6.58625 6320.75
6.58936 6320.8
6.59246 6320.85
6.59556 6320.9
6.59866 6320.95
6.60175 6321
6.60485 6321.05
6.60794 6321.1
6.61104 6321.15
6.61413 6321.2
6.61722 6321.25
6.62031 6321.3
6.62339 6321.35
6.62648 6321.4
6.62956 6321.45
6.63265 6321.5
6.63573 6321.55
6.63881 6321.6
6.64189 6321.65
6.64497 6321.7
6.64804 6321.75
6.65112 6321.8
6.65419 6321.85
6.65726 6321.9
6.66033 6321.95
6.6634 6322
6.66647 6322.05
6.66954 6322.1
6.6726 6322.15
6.67567 6322.2
6.67873 6322.25
6.68179 6322.3
6.68485 6322.35
6.68791 6322.4
6.69096 6322.45
6.69402 6322.5
6.69708 6322.55
6.70013 6322.6
6.70318 6322.65
6.70623 6322.7
6.70928 6322.75
6.71233 6322.8
6.71537 6322.85
6.71842 6322.9
6.72146 6322.95
6.7245 6323
6.72755 6323.05
6.73059 6323.1
6.73362 6323.15
6.73666 6323.2
6.7397 6323.25
6.74273 6323.3
6.74576 6323.35
6.7488 6323.4
6.75183 6323.45
6.75486 6323.5
6.75788 6323.55
6.76091 6323.6
6.76394 6323.65
6.76696 6323.7
6.76998 6323.75
6.773 6323.8
6.77602 6323.85
6.77904 6323.9
6.78206 6323.95
6.78508 6324
6.78809 6324.05
6.79111 6324.1
6.79412 6324.15
6.79713 6324.2
6.80014 6324.25
6.80315 6324.3
6.80615 6324.35
6.80916 6324.4
6.81216 6324.45
6.81517 6324.5
6.81817 6324.55
6.82117 6324.6
6.82417 6324.65
6.82717 6324.7
6.83017 6324.75
6.83316 6324.8
6.83616 6324.85
6.83915 6324.9
6.84214 6324.95
6.84513 6325
6.84812 6325.05
6.85111 6325.1
6.8541 6325.15
6.85708 6325.2
6.86007 6325.25
6.86305 6325.3
6.86603 6325.35
6.86901 6325.4
6.87199 6325.45
6.87497 6325.5
6.87795 6325.55
6.88092 6325.6
6.8839 6325.65
6.88687 6325.7
6.88984 6325.75
6.89282 6325.8
6.89579 6325.85
6.89875 6325.9
6.90172 6325.95
6.90469 6326
6.90765 6326.05
6.91062 6326.1
6.91358 6326.15
6.91654 6326.2
6.9195 6326.25
6.92246 6326.3
6.92542 6326.35
6.92837 6326.4
6.93133 6326.45
6.93428 6326.5
6.93723 6326.55
6.94018 6326.6
6.94314 6326.65
6.94608 6326.7
6.94903 6326.75
6.95198 6326.8
6.95492 6326.85
6.95787 6326.9
6.96081 6326.95
6.96375 6327
6.96669 6327.05
6.96963 6327.1
6.97257 6327.15
6.97551 6327.2
6.97845 6327.25
6.98138 6327.3
6.98431 6327.35
6.98725 6327.4
6.99018 6327.45
6.99311 6327.5
6.99604 6327.55
6.99897 6327.6
7.00189 6327.65
7.00482 6327.7
7.00774 6327.75
7.01067 6327.8
7.01359 6327.85
7.01651 6327.9
7.01943 6327.95
7.02235 6328
7.02526 6328.05
7.02818 6328.1
7.03109 6328.15
7.03401 6328.2
7.03692 6328.25
7.03983 6328.3
7.04274 6328.35
7.04565 6328.4
7.04856 6328.45
7.05147 6328.5
7.05437 6328.55
7.05728 6328.6
7.06018 6328.65
7.06309 6328.7
7.06599 6328.75
7.06889 6328.8
7.07179 6328.85
7.07468 6328.9
7.07758 6328.95
7.08048 6329
7.08337 6329.05
7.08626 6329.1
7.08916 6329.15
7.09205 6329.2
7.09494 6329.25
7.09783 6329.3
7.10072 6329.35
7.1036 6329.4
7.10649 6329.45
7.10937 6329.5
7.11226 6329.55
7.11514 6329.6
7.11802 6329.65
7.1209 6329.7
7.12378 6329.75
7.12666 6329.8
7.12953 6329.85
7.13241 6329.9
7.13528 6329.95
7.13816 6330
7.14103 6330.05
7.1439 6330.1
7.14677 6330.15
7.14964 6330.2
7.15251 6330.25
7.15538 6330.3
7.15824 6330.35
7.16111 6330.4
7.16397 6330.45
7.16683 6330.5
7.16969 6330.55
7.17255 6330.6
7.17541 6330.65
7.17827 6330.7
7.18113 6330.75
7.18399 6330.8
7.18684 6330.85
7.18969 6330.9
7.19255 6330.95
7.1954 6331
7.19825 6331.05
7.2011 6331.1
7.20395 6331.15
7.2068 6331.2
7.20964 6331.25
7.21249 6331.3
7.21533 6331.35
7.21818 6331.4
7.22102 6331.45
7.22386 6331.5
7.2267 6331.55
7.22954 6331.6
7.23238 6331.65
7.23521 6331.7
7.23805 6331.75
7.24088 6331.8
7.24372 6331.85
7.24655 6331.9
7.24938 6331.95
7.25221 6332
7.25504 6332.05
7.25787 6332.1
7.2607 6332.15
7.26353 6332.2
7.26635 6332.25
7.26918 6332.3
7.272 6332.35
7.27482 6332.4
7.27764 6332.45
7.28046 6332.5
7.28328 6332.55
7.2861 6332.6
7.28892 6332.65
7.29174 6332.7
7.29455 6332.75
7.29736 6332.8
7.30018 6332.85
7.30299 6332.9
7.3058 6332.95
7.30861 6333
7.31142 6333.05
7.31423 6333.1
7.31704 6333.15
7.31984 6333.2
7.32265 6333.25
7.32545 6333.3
7.32825 6333.35
7.33106 6333.4
7.33386 6333.45
7.33666 6333.5
7.33946 6333.55
7.34225 6333.6
7.34505 6333.65
7.34785 6333.7
7.35064 6333.75
7.35344 6333.8
7.35623 6333.85
7.35902 6333.9
7.36181 6333.95
7.3646 6334
7.36739 6334.05
7.37018 6334.1
7.37297 6334.15
7.37575 6334.2
7.37854 6334.25
7.38132 6334.3
7.38411 6334.35
7.38689 6334.4
7.38967 6334.45
7.39245 6334.5
7.39523 6334.55
7.39801 6334.6
7.40078 6334.65
7.40356 6334.7
7.40634 6334.75
7.40911 6334.8
7.41188 6334.85
7.41466 6334.9
7.41743 6334.95
7.4202 6335
7.42297 6335.05
7.42573 6335.1
7.4285 6335.15
7.43127 6335.2
7.43403 6335.25
7.4368 6335.3
7.43956 6335.35
7.44233 6335.4
7.44509 6335.45
7.44785 6335.5
7.45061 6335.55
7.45337 6335.6
7.45613 6335.65
7.45888 6335.7
7.46164 6335.75
7.46439 6335.8
7.46715 6335.85
7.4699 6335.9
7.47265 6335.95
7.4754 6336
7.47815 6336.05
7.4809 6336.1
7.48365 6336.15
7.4864 6336.2
7.48915 6336.25
7.49189 6336.3
7.49464 6336.35
7.49738 6336.4
7.50012 6336.45
7.50286 6336.5
7.50561 6336.55
7.50835 6336.6
7.51108 6336.65
7.51382 6336.7
7.51656 6336.75
7.5193 6336.8
7.52203 6336.85
7.52477 6336.9
7.5275 6336.95
7.53023 6337
7.53296 6337.05
7.53569 6337.1
7.53842 6337.15
7.54115 6337.2
7.54388 6337.25
7.54661 6337.3
7.54933 6337.35
7.55206 6337.4
7.55478 6337.45
7.55751 6337.5
7.56023 6337.55
7.56295 6337.6
7.56567 6337.65
7.56839 6337.7
7.57111 6337.75
7.57383 6337.8
7.57655 6337.85
7.57926 6337.9
7.58198 6337.95
7.58469 6338
7.5874 6338.05
7.59012 6338.1
7.59283 6338.15
7.59554 6338.2
7.59825 6338.25
7.60096 6338.3
7.60367 6338.35
7.60637 6338.4
7.60908 6338.45
7.61178 6338.5
7.61449 6338.55
7.61719 6338.6
7.6199 6338.65
7.6226 6338.7
7.6253 6338.75
7.628 6338.8
7.6307 6338.85
7.63339 6338.9
7.63609 6338.95
7.63879 6339
7.64148 6339.05
7.64418 6339.1
7.64687 6339.15
7.64957 6339.2
7.65226 6339.25
7.65495 6339.3
7.65764 6339.35
7.66033 6339.4
7.66302 6339.45
7.6657 6339.5
7.66839 6339.55
7.67108 6339.6
7.67376 6339.65
7.67645 6339.7
7.67913 6339.75
7.68181 6339.8
7.68449 6339.85
7.68717 6339.9
7.68985 6339.95
7.69253 6340
7.69521 6340.05
7.69789 6340.1
7.70056 6340.15
7.70324 6340.2
7.70591 6340.25
7.70859 6340.3
7.71126 6340.35
7.71393 6340.4
7.7166 6340.45
7.71927 6340.5
7.72194 6340.55
7.72461 6340.6
7.72728 6340.65
7.72995 6340.7
7.73261 6340.75
7.73528 6340.8
7.73794 6340.85
7.74061 6340.9
7.74327 6340.95
7.74593 6341
7.74859 6341.05
7.75125 6341.1
7.75391 6341.15
7.75657 6341.2
7.75923 6341.25
7.76188 6341.3
7.76454 6341.35
7.7672 6341.4
7.76985 6341.45
7.7725 6341.5
7.77516 6341.55
7.77781 6341.6
7.78046 6341.65
7.78311 6341.7
7.78576 6341.75
7.78841 6341.8
7.79105 6341.85
7.7937 6341.9
7.79635 6341.95
7.79899 6342
7.80164 6342.05
7.80428 6342.1
7.80692 6342.15
7.80956 6342.2
7.8122 6342.25
7.81484 6342.3
7.81748 6342.35
7.82012 6342.4
7.82276 6342.45
7.8254 6342.5
7.82803 6342.55
7.83067 6342.6
7.8333 6342.65
7.83594 6342.7
7.83857 6342.75
7.8412 6342.8
7.84383 6342.85
7.84646 6342.9
7.84909 6342.95
7.85172 6343
7.85435 6343.05
7.85698 6343.1
7.8596 6343.15
7.86223 6343.2
7.86485 6343.25
7.86748 6343.3
7.8701 6343.35
7.87272 6343.4
7.87534 6343.45
7.87796 6343.5
7.88058 6343.55
7.8832 6343.6
7.88582 6343.65
7.88844 6343.7
7.89105 6343.75
7.89367 6343.8
7.89629 6343.85
7.8989 6343.9
7.90151 6343.95
7.90413 6344
7.90674 6344.05
7.90935 6344.1
7.91196 6344.15
7.91457 6344.2
7.91718 6344.25
7.91979 6344.3
7.92239 6344.35
7.925 6344.4
7.9276 6344.45
7.93021 6344.5
7.93281 6344.55
7.93542 6344.6
7.93802 6344.65
7.94062 6344.7
7.94322 6344.75
7.94582 6344.8
7.94842 6344.85
7.95102 6344.9
7.95362 6344.95
7.95621 6345
7.95881 6345.05
7.96141 6345.1
7.964 6345.15
7.96659 6345.2
7.96919 6345.25
7.97178 6345.3
7.97437 6345.35
7.97696 6345.4
7.97955 6345.45
7.98214 6345.5
7.98473 6345.55
7.98732 6345.6
7.9899 6345.65
7.99249 6345.7
7.99508 6345.75
7.99766 6345.8
8.00024 6345.85
8.00283 6345.9
8.00541 6345.95
8.00799 6346
8.01057 6346.05
8.01315 6346.1
8.01573 6346.15
8.01831 6346.2
8.02089 6346.25
8.02346 6346.3
8.02604 6346.35
8.02862 6346.4
8.03119 6346.45
8.03376 6346.5
8.03634 6346.55
8.03891 6346.6
8.04148 6346.65
8.04405 6346.7
8.04662 6346.75
8.04919 6346.8
8.05176 6346.85
8.05433 6346.9
8.0569 6346.95
8.05946 6347
8.06203 6347.05
8.06459 6347.1
8.06716 6347.15
8.06972 6347.2
8.07229 6347.25
8.07485 6347.3
8.07741 6347.35
8.07997 6347.4
8.08253 6347.45
8.08509 6347.5
8.08765 6347.55
8.0902 6347.6
8.09276 6347.65
8.09532 6347.7
8.09787 6347.75
8.10043 6347.8
8.10298 6347.85
8.10553 6347.9
8.10809 6347.95
8.11064 6348
8.11319 6348.05
8.11574 6348.1
8.11829 6348.15
8.12084 6348.2
8.12339 6348.25
8.12593 6348.3
8.12848 6348.35
8.13103 6348.4
8.13357 6348.45
8.13612 6348.5
8.13866 6348.55
8.1412 6348.6
8.14374 6348.65
8.14629 6348.7
8.14883 6348.75
8.15137 6348.8
8.15391 6348.85
8.15644 6348.9
8.15898 6348.95
8.16152 6349
8.16406 6349.05
8.16659 6349.1
8.16913 6349.15
8.17166 6349.2
8.1742 6349.25
8.17673 6349.3
8.17926 6349.35
8.18179 6349.4
8.18432 6349.45
8.18685 6349.5
8.18938 6349.55
8.19191 6349.6
8.19444 6349.65
8.19697 6349.7
8.19949 6349.75
8.20202 6349.8
8.20454 6349.85
8.20707 6349.9
8.20959 6349.95
8.21211 6350
8.21464 6350.05
8.21716 6350.1
8.21968 6350.15
8.2222 6350.2
8.22472 6350.25
8.22724 6350.3
8.22976 6350.35
8.23227 6350.4
8.23479 6350.45
8.23731 6350.5
8.23982 6350.55
8.24234 6350.6
8.24485 6350.65
8.24736 6350.7
8.24988 6350.75
8.25239 6350.8
8.2549 6350.85
8.25741 6350.9
8.25992 6350.95
8.26243 6351
8.26494 6351.05
8.26744 6351.1
8.26995 6351.15
8.27246 6351.2
8.27496 6351.25
8.27747 6351.3
8.27997 6351.35
8.28248 6351.4
8.28498 6351.45
8.28748 6351.5
8.28998 6351.55
8.29248 6351.6
8.29498 6351.65
8.29748 6351.7
8.29998 6351.75
8.30248 6351.8
8.30498 6351.85
8.30747 6351.9
8.30997 6351.95
8.31247 6352
8.31496 6352.05
8.31745 6352.1
8.31995 6352.15
8.32244 6352.2
8.32493 6352.25
8.32742 6352.3
8.32991 6352.35
8.3324 6352.4
8.33489 6352.45
8.33738 6352.5
8.33987 6352.55
8.34236 6352.6
8.34484 6352.65
8.34733 6352.7
8.34982 6352.75
8.3523 6352.8
8.35478 6352.85
8.35727 6352.9
8.35975 6352.95
8.36223 6353
8.36471 6353.05
8.36719 6353.1
8.36967 6353.15
8.37215 6353.2
8.37463 6353.25
8.37711 6353.3
8.37959 6353.35
8.38206 6353.4
8.38454 6353.45
8.38701 6353.5
8.38949 6353.55
8.39196 6353.6
8.39444 6353.65
8.39691 6353.7
8.39938 6353.75
8.40185 6353.8
8.40432 6353.85
8.40679 6353.9
8.40926 6353.95
8.41173 6354
8.4142 6354.05
8.41667 6354.1
8.41913 6354.15
8.4216 6354.2
8.42407 6354.25
8.42653 6354.3
8.429 6354.35
8.43146 6354.4
8.43392 6354.45
8.43638 6354.5
8.43885 6354.55
8.44131 6354.6
8.44377 6354.65
8.44623 6354.7
8.44869 6354.75
8.45114 6354.8
8.4536 6354.85
8.45606 6354.9
8.45852 6354.95
8.46097 6355
8.46343 6355.05
8.46588 6355.1
8.46833 6355.15
8.47079 6355.2
8.47324 6355.25
8.47569 6355.3
8.47814 6355.35
8.48059 6355.4
8.48304 6355.45
8.48549 6355.5
8.48794 6355.55
8.49039 6355.6
8.49284 6355.65
8.49529 6355.7
8.49773 6355.75
8.50018 6355.8
8.50262 6355.85
8.50507 6355.9
8.50751 6355.95
8.50995 6356
8.5124 6356.05
8.51484 6356.1
8.51728 6356.15
8.51972 6356.2
8.52216 6356.25
8.5246 6356.3
8.52704 6356.35
8.52948 6356.4
8.53191 6356.45
8.53435 6356.5
8.53679 6356.55
8.53922 6356.6
8.54166 6356.65
8.54409 6356.7
8.54653 6356.75
8.54896 6356.8
8.55139 6356.85
8.55382 6356.9
8.55625 6356.95
8.55868 6357
8.56111 6357.05
8.56354 6357.1
8.56597 6357.15
8.5684 6357.2
8.57083 6357.25
8.57326 6357.3
8.57568 6357.35
8.57811 6357.4
8.58053 6357.45
8.58296 6357.5
8.58538 6357.55
8.5878 6357.6
8.59023 6357.65
8.59265 6357.7
8.59507 6357.75
8.59749 6357.8
8.59991 6357.85
8.60233 6357.9
8.60475 6357.95
8.60717 6358
8.60959 6358.05
8.612 6358.1
8.61442 6358.15
8.61684 6358.2
8.61925 6358.25
8.62167 6358.3
8.62408 6358.35
8.62649 6358.4
8.62891 6358.45
8.63132 6358.5
8.63373 6358.55
8.63614 6358.6
8.63855 6358.65
8.64096 6358.7
8.64337 6358.75
8.64578 6358.8
8.64819 6358.85
8.6506 6358.9
8.653 6358.95
8.65541 6359
8.65781 6359.05
8.66022 6359.1
8.66262 6359.15
8.66503 6359.2
8.66743 6359.25
8.66983 6359.3
8.67224 6359.35
8.67464 6359.4
8.67704 6359.45
8.67944 6359.5
8.68184 6359.55
8.68424 6359.6
8.68664 6359.65
8.68903 6359.7
8.69143 6359.75
8.69383 6359.8
8.69622 6359.85
8.69862 6359.9
8.70102 6359.95
8.70341 6360
8.7058 6360.05
8.7082 6360.1
8.71059 6360.15
8.71298 6360.2
8.71537 6360.25
8.71776 6360.3
8.72015 6360.35
8.72254 6360.4
8.72493 6360.45
8.72732 6360.5
8.72971 6360.55
8.7321 6360.6
8.73448 6360.65
8.73687 6360.7
8.73926 6360.75
8.74164 6360.8
8.74403 6360.85
8.74641 6360.9
8.74879 6360.95
8.75118 6361
8.75356 6361.05
8.75594 6361.1
8.75832 6361.15
8.7607 6361.2
8.76308 6361.25
8.76546 6361.3
8.76784 6361.35
8.77022 6361.4
8.77259 6361.45
8.77497 6361.5
8.77735 6361.55
8.77972 6361.6
8.7821 6361.65
8.78447 6361.7
8.78685 6361.75
8.78922 6361.8
8.79159 6361.85
8.79397 6361.9
8.79634 6361.95
8.79871 6362
8.80108 6362.05
8.80345 6362.1
8.80582 6362.15
8.80819 6362.2
8.81056 6362.25
8.81293 6362.3
8.81529 6362.35
8.81766 6362.4
8.82003 6362.45
8.82239 6362.5
8.82476 6362.55
8.82712 6362.6
8.82949 6362.65
8.83185 6362.7
8.83421 6362.75
8.83657 6362.8
8.83894 6362.85
8.8413 6362.9
8.84366 6362.95
8.84602 6363
8.84838 6363.05
8.85074 6363.1
8.8531 6363.15
8.85545 6363.2
8.85781 6363.25
8.86017 6363.3
8.86252 6363.35
8.86488 6363.4
8.86723 6363.45
8.86959 6363.5
8.87194 6363.55
8.8743 6363.6
8.87665 6363.65
8.879 6363.7
8.88135 6363.75
8.8837 6363.8
8.88605 6363.85
8.8884 6363.9
8.89075 6363.95
8.8931 6364
8.89545 6364.05
8.8978 6364.1
8.90015 6364.15
8.90249 6364.2
8.90484 6364.25
8.90718 6364.3
8.90953 6364.35
8.91187 6364.4
8.91422 6364.45
8.91656 6364.5
8.91891 6364.55
8.92125 6364.6
8.92359 6364.65
8.92593 6364.7
8.92827 6364.75
8.93061 6364.8
8.93295 6364.85
8.93529 6364.9
8.93763 6364.95
8.93997 6365
8.9423 6365.05
8.94464 6365.1
8.94698 6365.15
8.94931 6365.2
8.95165 6365.25
8.95398 6365.3
8.95632 6365.35
8.95865 6365.4
8.96099 6365.45
8.96332 6365.5
8.96565 6365.55
8.96798 6365.6
8.97031 6365.65
8.97264 6365.7
8.97497 6365.75
8.9773 6365.8
8.97963 6365.85
8.98196 6365.9
8.98429 6365.95
8.98661 6366
8.98894 6366.05
8.99127 6366.1
8.99359 6366.15
8.99592 6366.2
8.99824 6366.25
9.00057 6366.3
9.00289 6366.35
9.00521 6366.4
9.00754 6366.45
9.00986 6366.5
9.01218 6366.55
9.0145 6366.6
9.01682 6366.65
9.01914 6366.7
9.02146 6366.75
9.02378 6366.8
9.0261 6366.85
9.02842 6366.9
9.03073 6366.95
9.03305 6367
9.03537 6367.05
9.03768 6367.1
9.04 6367.15
9.04231 6367.2
9.04463 6367.25
9.04694 6367.3
9.04925 6367.35
9.05156 6367.4
9.05388 6367.45
9.05619 6367.5
9.0585 6367.55
9.06081 6367.6
9.06312 6367.65
9.06543 6367.7
9.06774 6367.75
9.07005 6367.8
9.07235 6367.85
9.07466 6367.9
9.07697 6367.95
9.07927 6368
9.08158 6368.05
9.08389 6368.1
9.08619 6368.15
9.08849 6368.2
9.0908 6368.25
9.0931 6368.3
9.0954 6368.35
9.09771 6368.4
9.10001 6368.45
9.10231 6368.5
9.10461 6368.55
9.10691 6368.6
9.10921 6368.65
9.11151 6368.7
9.11381 6368.75
9.11611 6368.8
9.1184 6368.85
9.1207 6368.9
9.123 6368.95
9.12529 6369
9.12759 6369.05
9.12988 6369.1
9.13218 6369.15
9.13447 6369.2
9.13677 6369.25
9.13906 6369.3
9.14135 6369.35
9.14364 6369.4
9.14594 6369.45
9.14823 6369.5
9.15052 6369.55
9.15281 6369.6
9.1551 6369.65
9.15739 6369.7
9.15967 6369.75
9.16196 6369.8
9.16425 6369.85
9.16654 6369.9
9.16882 6369.95
9.17111 6370
9.17339 6370.05
9.17568 6370.1
9.17796 6370.15
9.18025 6370.2
9.18253 6370.25
9.18481 6370.3
9.1871 6370.35
9.18938 6370.4
9.19166 6370.45
9.19394 6370.5
9.19622 6370.55
9.1985 6370.6
9.20078 6370.65
9.20306 6370.7
9.20534 6370.75
9.20762 6370.8
9.20989 6370.85
9.21217 6370.9
9.21445 6370.95
9.21672 6371
