0.00	-0.09728001
0.01	-0.09728001
0.02	-0.09856002
0.03	-0.09856002
0.04	-0.09728001
0.05	-0.09600000
0.06	-0.09472002
0.07	-0.09344001
0.08	-0.09344001
0.09	-0.09344001
0.10	-0.09344001
0.11	-0.09344001
0.12	-0.09472002
0.13	-0.09472002
0.14	-0.09344001
0.15	-0.09344001
0.16	-0.09216000
0.17	-0.09216000
0.18	-0.09216000
0.19	-0.09216000
0.20	-0.09088002
0.21	-0.09088002
0.22	-0.09216000
0.23	-0.09344001
0.24	-0.09472002
0.25	-0.09472002
0.26	-0.09472002
0.27	-0.09472002
0.28	-0.09472002
0.29	-0.09472002
0.30	-0.09344001
0.31	-0.09344001
0.32	-0.09216000
0.33	-0.09088002
0.34	-0.09088002
0.35	-0.09216000
0.36	-0.09216000
0.37	-0.09216000
0.38	-0.09344001
0.39	-0.09472002
0.40	-0.09600000
0.41	-0.09856002
0.42	-0.09856002
0.43	-0.09856002
0.44	-0.09728001
0.45	-0.09728001
0.46	-0.09856002
0.47	-0.09984000
0.48	-0.09984000
0.49	-0.09984000
0.50	-0.09984000
0.51	-0.09984000
0.52	-0.1011200
0.53	-0.1011200
0.54	-0.1011200
0.55	-0.1011200
0.56	-0.1024000
0.57	-0.1024000
0.58	-0.1036800
0.59	-0.1024000
0.60	-0.1049600
0.61	-0.1049600
0.62	-0.1062400
0.63	-0.1036800
0.64	-0.1036800
0.65	-0.1024000
0.66	-0.1036800
0.67	-0.1036800
0.68	-0.1036800
0.69	-0.1036800
0.70	-0.1049600
0.71	-0.1062400
0.72	-0.1062400
0.73	-0.1049600
0.74	-0.1036800
0.75	-0.1036800
0.76	-0.1049600
0.77	-0.1062400
0.78	-0.1049600
0.79	-0.1049600
0.80	-0.1049600
0.81	-0.1062400
0.82	-0.1088000
0.83	-0.1088000
0.84	-0.1088000
0.85	-0.1088000
0.86	-0.1088000
0.87	-0.1062400
0.88	-0.1049600
0.89	-0.1049600
0.90	-0.1049600
0.91	-0.1062400
0.92	-0.1062400
0.93	-0.1062400
0.94	-0.1036800
0.95	-0.1036800
0.96	-0.1036800
0.97	-0.1036800
0.98	-0.1024000
0.99	-0.1011200
1.00	-0.1049600
1.01	-0.1177600
1.02	-0.1587200
1.03	-0.2816001
1.04	-0.5580802
1.05	-0.9113600
1.06	-0.9958402
1.07	-0.5286400
1.08	0.3481600
1.09	1.130240
1.10	1.264640
1.11	0.6758398
1.12	-0.07168002
1.13	-0.3699200
1.14	-0.2009600
1.15	0.01920000
1.16	0.04352000
1.17	-0.03840000
1.18	-0.09088002
1.19	-0.1536000
1.20	-0.2854400
1.21	-0.3520001
1.22	-0.1638400
1.23	0.1190400
1.24	0.02048000
1.25	-0.6080000
1.26	-1.236480
1.27	-1.208320
1.28	-0.4876800
1.29	0.3097600
1.30	0.5849600
1.31	0.3328000
1.32	0.01024000
1.33	-0.03328000
1.34	0.1574400
1.35	0.3430400
1.36	0.3379200
1.37	0.06911999
1.38	-0.3340800
1.39	-0.5580802
1.40	-0.3699200
1.41	0.09983999
1.42	0.4262400
1.43	0.3046399
1.44	-0.1420800
1.45	-0.5350400
1.46	-0.6336001
1.47	-0.4940800
1.48	-0.3315200
1.49	-0.2777600
1.50	-0.2598400
1.51	-0.1433600
1.52	0.03839999
1.53	0.1305600
1.54	0.04991999
1.55	-0.1459200
1.56	-0.2752000
1.57	-0.1945600
1.58	0.05248000
1.59	0.2406400
1.60	0.1638400
1.61	-0.1267200
1.62	-0.3276801
1.63	-0.1766400
1.64	0.2419200
1.65	0.5439998
1.66	0.4377599
1.67	0.06271999
1.68	-0.1740800
1.69	-0.1228800
1.70	-0.06528002
1.71	-0.3059200
1.72	-0.7155200
1.73	-0.8806400
1.74	-0.6105602
1.75	-0.1523200
1.76	0.08192000
1.77	-0.04224000
1.78	-0.3084800
1.79	-0.5017600
1.80	-0.5900800
1.81	-0.5632001
1.82	-0.3174400
1.83	0.1574400
1.84	0.6015998
1.85	0.6681600
1.86	0.3161600
1.87	-0.1318400
1.88	-0.3328000
1.89	-0.2035200
1.90	0.1139200
1.91	0.4044800
1.92	0.4812800
1.93	0.2598400
1.94	-0.1510400
1.95	-0.4864000
1.96	-0.5491202
1.97	-0.3136000
1.98	0.1126400
1.99	0.5951998
2.00	0.9113598
2.01	0.7628800
2.02	0.07295999
2.03	-0.7795200
2.04	-1.256960
2.05	-1.125120
2.06	-0.5542401
2.07	0.06400000
2.08	0.3545600
2.09	0.1920000
2.10	-0.2278400
2.11	-0.5696001
2.12	-0.6438402
2.13	-0.4838400
2.14	-0.2483200
2.15	-0.1100800
2.16	-0.1600000
2.17	-0.3225600
2.18	-0.4108800
2.19	-0.2316800
2.20	0.2803200
2.21	0.9369599
2.22	1.341440
2.23	1.210880
2.24	0.6003200
2.25	-0.1766400
2.26	-0.7321602
2.27	-0.8460802
2.28	-0.6272000
2.29	-0.3737600
2.30	-0.3033600
2.31	-0.4160000
2.32	-0.6003201
2.33	-0.7385602
2.34	-0.7232002
2.35	-0.4940800
2.36	-0.1574400
2.37	0.09728000
2.38	0.2265600
2.39	0.3519999
2.40	0.5491198
2.41	0.7526399
2.42	0.8460798
2.43	0.7372799
2.44	0.4096000
2.45	-0.04096001
2.46	-0.4505600
2.47	-0.7244800
2.48	-0.9164802
2.49	-1.094400
2.50	-1.245440
2.51	-1.295360
2.52	-1.180160
2.53	-0.8806400
2.54	-0.4774401
2.55	-0.09088002
2.56	0.2342400
2.57	0.5529598
2.58	0.8588798
2.59	1.007360
2.60	0.8831998
2.61	0.5695999
2.62	0.2675200
2.63	0.09215999
2.64	-0.01152000
2.65	-0.1587200
2.66	-0.4032000
2.67	-0.7116802
2.68	-0.9830401
2.69	-1.061120
2.70	-0.8358401
2.71	-0.3571200
2.72	0.1600000
2.73	0.5286398
2.74	0.7308798
2.75	0.8985598
2.76	1.131520
2.77	1.314560
2.78	1.213440
2.79	0.6835200
2.80	-0.1728000
2.81	-0.9984002
2.82	-1.402880
2.83	-1.245440
2.84	-0.7040001
2.85	-0.08704002
2.86	0.3699200
2.87	0.5785599
2.88	0.5260799
2.89	0.2931200
2.90	-0.001280000
2.91	-0.2688000
2.92	-0.4992000
2.93	-0.7129600
2.94	-0.8998401
2.95	-1.027840
2.96	-1.076480
2.97	-1.025280
2.98	-0.8460802
2.99	-0.5260800
3.00	-0.1459200
3.01	0.1203200
3.02	0.1433600
3.03	0.007680000
3.04	-0.04480001
3.05	0.1446400
3.06	0.5273600
3.07	0.9535998
3.08	1.310720
3.09	1.520640
3.10	1.492480
3.11	1.173760
3.12	0.6438400
3.13	0.09855998
3.14	-0.3276801
3.15	-0.5964800
3.16	-0.7360002
3.17	-0.8371202
3.18	-1.002240
3.19	-1.263360
3.20	-1.511680
3.21	-1.569280
3.22	-1.350400
3.23	-0.9420800
3.24	-0.5158402
3.25	-0.1740800
3.26	0.1267200
3.27	0.4684799
3.28	0.8204799
3.29	1.036800
3.30	0.9651200
3.31	0.5977600
3.32	0.1100800
3.33	-0.2521600
3.34	-0.3494400
3.35	-0.2380800
3.36	-0.1011200
3.37	-0.1126400
3.38	-0.2867200
3.39	-0.4748800
3.40	-0.5043200
3.41	-0.3033600
3.42	0.02816000
3.43	0.3020800
3.44	0.3839999
3.45	0.2956800
3.46	0.1548800
3.47	0.05759998
3.48	-0.006400000
3.49	-0.1088000
3.50	-0.2649601
3.51	-0.4006400
3.52	-0.4454401
3.53	-0.4057600
3.54	-0.3596801
3.55	-0.3481600
3.56	-0.3251200
3.57	-0.2137600
3.58	-0.006400000
3.59	0.2060800
3.60	0.3033600
3.61	0.2457600
3.62	0.1062400
3.63	-0.001280000
3.64	-0.02176000
3.65	0.02432000
3.66	0.07295999
3.67	0.07807997
3.68	0.05632000
3.69	0.07807997
3.70	0.1472000
3.71	0.1766400
3.72	0.07551998
3.73	-0.1356800
3.74	-0.3417600
3.75	-0.4147201
3.76	-0.3353601
3.77	-0.2048000
3.78	-0.1600000
3.79	-0.2508800
3.80	-0.3891200
3.81	-0.4569600
3.82	-0.4121600
3.83	-0.3174400
3.84	-0.2611200
3.85	-0.2560000
3.86	-0.2470400
3.87	-0.1612800
3.88	0.02176000
3.89	0.2521600
3.90	0.4300799
3.91	0.4736000
3.92	0.3801600
3.93	0.2009600
3.94	-0.01408000
3.95	-0.2163200
3.96	-0.3571200
3.97	-0.4044800
3.98	-0.3673601
3.99	-0.2675200
4.00	-0.1344000
4.01	-0.007680001
4.02	0.06144000
4.03	0.06271999
4.04	0.03839999
4.05	0.03200000
4.06	0.04736000
4.07	0.04991999
4.08	0.005120000
4.09	-0.07680000
4.10	-0.1420800
4.11	-0.1459200
4.12	-0.09728001
4.13	-0.06400001
4.14	-0.1036800
4.15	-0.1945600
4.16	-0.2841600
4.17	-0.3340800
4.18	-0.3622400
4.19	-0.3776000
4.20	-0.3584000
4.21	-0.2700800
4.22	-0.1216000
4.23	0.02944000
4.24	0.1216000
4.25	0.1228800
4.26	0.05887999
4.27	-0.02688000
4.28	-0.1011200
4.29	-0.1408000
4.30	-0.1523200
4.31	-0.1497600
4.32	-0.1433600
4.33	-0.1356800
4.34	-0.1177600
4.35	-0.09600000
4.36	-0.09600000
4.37	-0.1344000
4.38	-0.1932800
4.39	-0.2368000
4.40	-0.2406400
4.41	-0.2176000
4.42	-0.1779200
4.43	-0.1254400
4.44	-0.05888000
4.45	0.01280000
4.46	0.06784000
4.47	0.08192000
4.48	0.04480000
4.49	-0.03200001
4.50	-0.1305600
4.51	-0.2240000
4.52	-0.2880000
4.53	-0.3020800
4.54	-0.2854400
4.55	-0.2649601
4.56	-0.2521600
4.57	-0.2201600
4.58	-0.1382400
4.59	-0.006400000
4.60	0.1254400
4.61	0.2086400
4.62	0.2304000
4.63	0.2240000
4.64	0.2112000
4.65	0.1779200
4.66	0.09087998
4.67	-0.04352000
4.68	-0.1664000
4.69	-0.2112000
4.70	-0.1715200
4.71	-0.1190400
4.72	-0.1318400
4.73	-0.2265600
4.74	-0.3328000
4.75	-0.3648000
4.76	-0.2995200
4.77	-0.1958400
4.78	-0.1331200
4.79	-0.1484800
4.80	-0.2124800
4.81	-0.2521600
4.82	-0.2137600
4.83	-0.1139200
4.84	-0.01280000
4.85	0.03711998
4.86	0.04352000
4.87	0.05887999
4.88	0.1292800
4.89	0.2368000
4.90	0.3238400
4.91	0.3315200
4.92	0.2624000
4.93	0.1587200
4.94	0.07551998
4.95	0.01920000
4.96	-0.03840000
4.97	-0.1241600
4.98	-0.2342400
4.99	-0.3302400
5.00	-0.3814400
5.01	-0.3955200
5.02	-0.3980801
5.03	-0.4057600
5.04	-0.4147201
5.05	-0.4147201
5.06	-0.3827201
5.07	-0.3072000
5.08	-0.2099200
5.09	-0.1305600
5.10	-0.09088002
5.11	-0.07680000
5.12	-0.05760001
5.13	-0.03456000
5.14	-0.02560000
5.15	-0.04608000
5.16	-0.09856002
5.17	-0.1574400
5.18	-0.1868800
5.19	-0.1753600
5.20	-0.1382400
5.21	-0.1100800
5.22	-0.1139200
5.23	-0.1395200
5.24	-0.1612800
5.25	-0.1612800
5.26	-0.1395200
5.27	-0.1036800
5.28	-0.06144001
5.29	-0.02176000
5.30	0.01280000
5.31	0.03839999
5.32	0.05119999
5.33	0.04352000
5.34	0.01792000
5.35	-0.005120001
5.36	-0.01024000
5.37	0.002560000
5.38	0.01536000
5.39	0.01280000
5.40	0.001280000
5.41	-0.006400000
5.42	-0.01536000
5.43	-0.03840000
5.44	-0.08832000
5.45	-0.1484800
5.46	-0.1843200
5.47	-0.1651200
5.48	-0.1049600
5.49	-0.03840000
5.50	-0.006400000
5.51	-0.02048000
5.52	-0.06272000
5.53	-0.1126400
5.54	-0.1612800
5.55	-0.2073600
5.56	-0.2393600
5.57	-0.2598400
5.58	-0.2662400
5.59	-0.2624000
5.60	-0.2419200
5.61	-0.2060800
5.62	-0.1587200
5.63	-0.1139200
5.64	-0.08576001
5.65	-0.07040001
5.66	-0.04480001
5.67	0.000000
5.68	0.04991999
5.69	0.06527998
5.70	0.03455999
5.71	-0.02048000
5.72	-0.06912000
5.73	-0.1024000
5.74	-0.1241600
5.75	-0.1420800
5.76	-0.1574400
5.77	-0.1676800
5.78	-0.1792000
5.79	-0.1907200
5.80	-0.2035200
5.81	-0.2124800
5.82	-0.2201600
5.83	-0.2163200
5.84	-0.1920000
5.85	-0.1472000
5.86	-0.09600000
5.87	-0.05760001
5.88	-0.03328000
5.89	-0.02048000
5.90	-0.01024000
5.91	-0.007680001
5.92	-0.01536000
5.93	-0.02944000
5.94	-0.03968000
5.95	-0.03712001
5.96	-0.02816000
5.97	-0.02944000
5.98	-0.05376001
5.99	-0.1036800
6.00	-0.1587200
6.01	-0.1984000
6.02	-0.2099200
6.03	-0.1881600
6.04	-0.1523200
6.05	-0.1113600
6.06	-0.08064000
6.07	-0.06144001
6.08	-0.05632000
6.09	-0.06400001
6.10	-0.07680000
6.11	-0.08832000
6.12	-0.09216000
6.13	-0.09216000
6.14	-0.09344001
6.15	-0.09984000
6.16	-0.1088000
6.17	-0.1075200
6.18	-0.08448000
6.19	-0.04864001
6.20	-0.02048000
6.21	-0.02048000
6.22	-0.04608000
6.23	-0.07936002
6.24	-0.09984000
6.25	-0.1036800
6.26	-0.1011200
6.27	-0.1113600
6.28	-0.1408000
6.29	-0.1817600
6.30	-0.2163200
6.31	-0.2368000
6.32	-0.2444800
6.33	-0.2496000
6.34	-0.2483200
6.35	-0.2291200
6.36	-0.1843200
6.37	-0.1267200
6.38	-0.08064000
6.39	-0.05632000
6.40	-0.04864001
6.41	-0.04224000
6.42	-0.03712001
6.43	-0.03712001
6.44	-0.04736000
6.45	-0.06400001
6.46	-0.08320002
6.47	-0.09856002
6.48	-0.1036800
6.49	-0.09856002
6.50	-0.08448000
6.51	-0.07680000
6.52	-0.07936002
6.53	-0.09728001
6.54	-0.1228800
6.55	-0.1408000
6.56	-0.1459200
6.57	-0.1433600
6.58	-0.1382400
6.59	-0.1395200
6.60	-0.1472000
6.61	-0.1612800
6.62	-0.1817600
6.63	-0.1945600
6.64	-0.1907200
6.65	-0.1689600
6.66	-0.1344000
6.67	-0.1024000
6.68	-0.08064000
6.69	-0.07296000
6.70	-0.06784002
6.71	-0.05632000
6.72	-0.04224000
6.73	-0.03200001
6.74	-0.03200001
6.75	-0.04224000
6.76	-0.04864001
6.77	-0.04224000
6.78	-0.02688000
6.79	-0.01408000
6.80	-0.01792000
6.81	-0.04224000
6.82	-0.07936002
6.83	-0.1190400
6.84	-0.1548800
6.85	-0.1792000
6.86	-0.1830400
6.87	-0.1676800
6.88	-0.1382400
6.89	-0.1088000
6.90	-0.09216000
6.91	-0.09344001
6.92	-0.1049600
6.93	-0.1139200
6.94	-0.1088000
6.95	-0.09344001
6.96	-0.07680000
6.97	-0.07552002
6.98	-0.08832000
6.99	-0.1036800
7.00	-0.1062400
7.01	-0.09728001
7.02	-0.09600000
7.03	-0.1139200
7.04	-0.1484800
7.05	-0.1766400
7.06	-0.1830400
7.07	-0.1651200
7.08	-0.1433600
7.09	-0.1331200
7.10	-0.1369600
7.11	-0.1369600
7.12	-0.1152000
7.13	-0.07168002
7.14	-0.02176000
7.15	0.008959997
7.16	0.01536000
7.17	0.003840000
7.18	-0.005120001
7.19	-0.007680001
7.20	-0.007680001
7.21	-0.01664000
7.22	-0.03840000
7.23	-0.06528002
7.24	-0.08576001
7.25	-0.09856002
7.26	-0.1088000
7.27	-0.1241600
7.28	-0.1395200
7.29	-0.1446400
7.30	-0.1318400
7.31	-0.1113600
7.32	-0.09472002
7.33	-0.08448000
7.34	-0.07936002
7.35	-0.07680000
7.36	-0.07680000
7.37	-0.08064000
7.38	-0.09344001
7.39	-0.1075200
7.40	-0.1228800
7.41	-0.1318400
7.42	-0.1318400
7.43	-0.1267200
7.44	-0.1216000
7.45	-0.1190400
7.46	-0.1113600
7.47	-0.09984000
7.48	-0.08960001
7.49	-0.08832000
7.50	-0.09600000
7.51	-0.1049600
7.52	-0.1036800
7.53	-0.09600000
7.54	-0.08832000
7.55	-0.09216000
7.56	-0.09856002
7.57	-0.09984000
7.58	-0.09344001
7.59	-0.08576001
7.60	-0.08448000
7.61	-0.09088002
7.62	-0.09856002
7.63	-0.1011200
7.64	-0.09472002
7.65	-0.08192001
7.66	-0.07040001
7.67	-0.06400001
7.68	-0.06528002
7.69	-0.06912000
7.70	-0.07424001
7.71	-0.07936002
7.72	-0.08448000
7.73	-0.09088002
7.74	-0.09088002
7.75	-0.08320002
7.76	-0.07296000
7.77	-0.06272000
7.78	-0.06400001
7.79	-0.07808001
7.80	-0.09984000
7.81	-0.1203200
7.82	-0.1331200
7.83	-0.1408000
7.84	-0.1433600
7.85	-0.1446400
7.86	-0.1459200
7.87	-0.1497600
7.88	-0.1536000
7.89	-0.1536000
7.90	-0.1472000
7.91	-0.1382400
7.92	-0.1344000
7.93	-0.1331200
7.94	-0.1344000
7.95	-0.1331200
7.96	-0.1292800
7.97	-0.1241600
7.98	-0.1216000
7.99	-0.1190400
8.00	-0.1177600
8.01	-0.1152000
8.02	-0.1088000
8.03	-0.09728001
8.04	-0.07552002
8.05	-0.04992000
8.06	-0.02944000
8.07	-0.02688000
8.08	-0.03968000
8.09	-0.06272000
8.10	-0.07808001
8.11	-0.07552002
8.12	-0.05888000
8.13	-0.04608000
8.14	-0.04352000
8.15	-0.05376001
8.16	-0.06528002
8.17	-0.07296000
8.18	-0.07552002
8.19	-0.07680000
8.20	-0.07680000
8.21	-0.07168002
8.22	-0.06400001
8.23	-0.06144001
8.24	-0.06784002
8.25	-0.07936002
8.26	-0.09344001
8.27	-0.1036800
8.28	-0.1062400
8.29	-0.1088000
8.30	-0.1164800
8.31	-0.1254400
8.32	-0.1305600
8.33	-0.1241600
8.34	-0.1100800
8.35	-0.09856002
8.36	-0.09344001
8.37	-0.09728001
8.38	-0.1011200
8.39	-0.1024000
8.40	-0.09984000
8.41	-0.09856002
8.42	-0.1036800
8.43	-0.1113600
8.44	-0.1190400
8.45	-0.1228800
8.46	-0.1190400
8.47	-0.1126400
8.48	-0.1062400
8.49	-0.1024000
8.50	-0.09984000
8.51	-0.09856002
8.52	-0.09344001
8.53	-0.08448000
8.54	-0.07680000
8.55	-0.07296000
8.56	-0.06784002
8.57	-0.06400001
8.58	-0.06016000
8.59	-0.06400001
8.60	-0.07552002
8.61	-0.08832000
8.62	-0.09984000
8.63	-0.1049600
8.64	-0.1075200
8.65	-0.1126400
8.66	-0.1203200
8.67	-0.1216000
8.68	-0.1177600
8.69	-0.1088000
8.70	-0.1024000
8.71	-0.09984000
8.72	-0.1011200
8.73	-0.1024000
8.74	-0.1049600
8.75	-0.1075200
8.76	-0.1164800
8.77	-0.1305600
8.78	-0.1433600
8.79	-0.1548800
8.80	-0.1587200
8.81	-0.1612800
8.82	-0.1638400
8.83	-0.1702400
8.84	-0.1792000
8.85	-0.1856000
8.86	-0.1856000
8.87	-0.1817600
8.88	-0.1766400
8.89	-0.1702400
8.90	-0.1625600
8.91	-0.1523200
8.92	-0.1369600
8.93	-0.1190400
8.94	-0.1049600
8.95	-0.09600000
8.96	-0.09600000
8.97	-0.1011200
8.98	-0.1062400
8.99	-0.1049600
9.00	-0.09600000
9.01	-0.08448000
9.02	-0.07680000
9.03	-0.07168002
9.04	-0.07168002
9.05	-0.06912000
9.06	-0.06400001
9.07	-0.06144001
9.08	-0.06656000
9.09	-0.07808001
9.10	-0.08832000
9.11	-0.09472002
9.12	-0.09600000
9.13	-0.09216000
9.14	-0.08448000
9.15	-0.07680000
9.16	-0.07168002
9.17	-0.07040001
9.18	-0.07168002
9.19	-0.07552002
9.20	-0.07936002
9.21	-0.09088002
9.22	-0.1088000
9.23	-0.1292800
9.24	-0.1433600
9.25	-0.1420800
9.26	-0.1292800
9.27	-0.1088000
9.28	-0.09088002
9.29	-0.07808001
9.30	-0.07040001
9.31	-0.06912000
9.32	-0.07040001
9.33	-0.07296000
9.34	-0.07424001
9.35	-0.07680000
9.36	-0.07936002
9.37	-0.08576001
9.38	-0.09088002
9.39	-0.09216000
9.40	-0.08704002
9.41	-0.07680000
9.42	-0.06400001
9.43	-0.05376001
9.44	-0.05376001
9.45	-0.05888000
9.46	-0.06656000
9.47	-0.07296000
9.48	-0.07680000
9.49	-0.07808001
9.50	-0.08064000
9.51	-0.08192001
9.52	-0.07936002
9.53	-0.07296000
9.54	-0.06656000
9.55	-0.06400001
9.56	-0.07040001
9.57	-0.08064000
9.58	-0.09216000
9.59	-0.1011200
9.60	-0.1049600
9.61	-0.1049600
9.62	-0.1036800
9.63	-0.1036800
9.64	-0.1062400
9.65	-0.1113600
9.66	-0.1152000
9.67	-0.1113600
9.68	-0.1024000
9.69	-0.09216000
9.70	-0.08576001
9.71	-0.08448000
9.72	-0.08704002
9.73	-0.09216000
9.74	-0.09728001
9.75	-0.1011200
9.76	-0.1049600
9.77	-0.1062400
9.78	-0.1088000
9.79	-0.1100800
9.80	-0.1075200
9.81	-0.1062400
9.82	-0.1062400
9.83	-0.1100800
9.84	-0.1177600
9.85	-0.1228800
9.86	-0.1241600
9.87	-0.1203200
9.88	-0.1088000
9.89	-0.09600000
9.90	-0.07936002
9.91	-0.06656000
9.92	-0.05760001
9.93	-0.05376001
9.94	-0.05504000
9.95	-0.06016000
9.96	-0.06656000
9.97	-0.07168002
9.98	-0.07680000
9.99	-0.07680000
