0 1.17691e-34
0.025 1.37584e-34
0.05 1.60814e-34
0.075 1.87938e-34
0.1 2.19601e-34
0.125 2.56559e-34
0.15 2.99691e-34
0.175 3.50018e-34
0.2 4.08733e-34
0.225 4.77224e-34
0.25 5.57103e-34
0.275 6.50252e-34
0.3 7.58857e-34
0.325 8.85463e-34
0.35 1.03303e-33
0.375 1.205e-33
0.4 1.40538e-33
0.425 1.63883e-33
0.45 1.91075e-33
0.475 2.22744e-33
0.5 2.59622e-33
0.525 3.02559e-33
0.55 3.52541e-33
0.575 4.10715e-33
0.6 4.78415e-33
0.625 5.57187e-33
0.65 6.48827e-33
0.675 7.55421e-33
0.7 8.7939e-33
0.725 1.02354e-32
0.75 1.19114e-32
0.775 1.38596e-32
0.8 1.6124e-32
0.825 1.87554e-32
0.85 2.18128e-32
0.875 2.53646e-32
0.9 2.94902e-32
0.925 3.42815e-32
0.95 3.98449e-32
0.975 4.63041e-32
1 5.38019e-32
1.025 6.2504e-32
1.05 7.26022e-32
1.075 8.43188e-32
1.1 9.79109e-32
1.125 1.13676e-31
1.15 1.3196e-31
1.175 1.5316e-31
1.2 1.77738e-31
1.225 2.06228e-31
1.25 2.39247e-31
1.275 2.77509e-31
1.3 3.21841e-31
1.325 3.73196e-31
1.35 4.32679e-31
1.375 5.01563e-31
1.4 5.81324e-31
1.425 6.73663e-31
1.45 7.80547e-31
1.475 9.04249e-31
1.5 1.04739e-30
1.525 1.213e-30
1.55 1.40458e-30
1.575 1.62617e-30
1.6 1.88241e-30
1.625 2.17869e-30
1.65 2.52121e-30
1.675 2.91713e-30
1.7 3.37469e-30
1.725 3.90341e-30
1.75 4.51426e-30
1.775 5.21988e-30
1.8 6.03486e-30
1.825 6.97599e-30
1.85 8.06263e-30
1.875 9.31708e-30
1.9 1.0765e-29
1.925 1.24361e-29
1.95 1.43642e-29
1.975 1.65887e-29
2 1.91548e-29
2.025 2.21143e-29
2.05 2.55271e-29
2.075 2.9462e-29
2.1 3.3998e-29
2.125 3.92264e-29
2.15 4.52517e-29
2.175 5.21944e-29
2.2 6.01928e-29
2.225 6.94061e-29
2.25 8.00171e-29
2.275 9.22359e-29
2.3 1.06304e-28
2.325 1.22499e-28
2.35 1.41138e-28
2.375 1.62589e-28
2.4 1.8727e-28
2.425 2.15665e-28
2.45 2.48325e-28
2.475 2.85888e-28
2.5 3.29081e-28
2.525 3.7874e-28
2.55 4.35825e-28
2.575 5.01435e-28
2.6 5.76833e-28
2.625 6.63464e-28
2.65 7.62986e-28
2.675 8.77301e-28
2.7 1.00858e-27
2.725 1.15933e-27
2.75 1.3324e-27
2.775 1.53107e-27
2.8 1.75909e-27
2.825 2.02075e-27
2.85 2.32097e-27
2.875 2.66537e-27
2.9 3.06041e-27
2.925 3.51344e-27
2.95 4.0329e-27
2.975 4.62844e-27
3 5.31109e-27
3.025 6.09348e-27
3.05 6.99003e-27
3.075 8.01724e-27
3.1 9.19397e-27
3.125 1.05418e-26
3.15 1.20852e-26
3.175 1.38526e-26
3.2 1.58758e-26
3.225 1.81918e-26
3.25 2.08423e-26
3.275 2.38753e-26
3.3 2.73454e-26
3.325 3.13149e-26
3.35 3.58551e-26
3.375 4.10471e-26
3.4 4.69835e-26
3.425 5.37702e-26
3.45 6.15275e-26
3.475 7.0393e-26
3.5 8.05234e-26
3.525 9.20972e-26
3.55 1.05318e-25
3.575 1.20418e-25
3.6 1.37661e-25
3.625 1.57349e-25
3.65 1.79825e-25
3.675 2.05479e-25
3.7 2.34756e-25
3.725 2.68163e-25
3.75 3.06275e-25
3.775 3.4975e-25
3.8 3.99334e-25
3.825 4.55875e-25
3.85 5.20341e-25
3.875 5.93831e-25
3.9 6.77593e-25
3.925 7.73051e-25
3.95 8.81817e-25
3.975 1.00573e-24
4 1.14688e-24
4.025 1.30763e-24
4.05 1.49068e-24
4.075 1.69908e-24
4.1 1.93633e-24
4.125 2.20635e-24
4.15 2.51363e-24
4.175 2.86327e-24
4.2 3.26103e-24
4.225 3.71346e-24
4.25 4.228e-24
4.275 4.81309e-24
4.3 5.47829e-24
4.325 6.23444e-24
4.35 7.09386e-24
4.375 8.07049e-24
4.4 9.18014e-24
4.425 1.04407e-23
4.45 1.18726e-23
4.475 1.34986e-23
4.5 1.5345e-23
4.525 1.74413e-23
4.55 1.98208e-23
4.575 2.25214e-23
4.6 2.55859e-23
4.625 2.90629e-23
4.65 3.30073e-23
4.675 3.74812e-23
4.7 4.25548e-23
4.725 4.83076e-23
4.75 5.48296e-23
4.775 6.22223e-23
4.8 7.06009e-23
4.825 8.00951e-23
4.85 9.08518e-23
4.875 1.03037e-22
4.9 1.16838e-22
4.925 1.32468e-22
4.95 1.50164e-22
4.975 1.70198e-22
5 1.92875e-22
5.025 2.18539e-22
5.05 2.47579e-22
5.075 2.80434e-22
5.1 3.176e-22
5.125 3.59635e-22
5.15 4.0717e-22
5.175 4.60915e-22
5.2 5.21674e-22
5.225 5.90349e-22
5.25 6.67961e-22
5.275 7.55658e-22
5.3 8.54736e-22
5.325 9.66653e-22
5.35 1.09305e-21
5.375 1.23579e-21
5.4 1.39694e-21
5.425 1.57887e-21
5.45 1.78421e-21
5.475 2.01594e-21
5.5 2.27741e-21
5.525 2.57239e-21
5.55 2.90512e-21
5.575 3.28038e-21
5.6 3.70353e-21
5.625 4.18062e-21
5.65 4.71842e-21
5.675 5.32458e-21
5.7 6.00767e-21
5.725 6.77733e-21
5.75 7.64441e-21
5.775 8.62107e-21
5.8 9.72099e-21
5.825 1.09595e-20
5.85 1.23539e-20
5.875 1.39236e-20
5.9 1.56902e-20
5.925 1.76782e-20
5.95 1.9915e-20
5.975 2.24313e-20
6 2.52616e-20
6.025 2.84446e-20
6.05 3.20236e-20
6.075 3.60474e-20
6.1 4.05703e-20
6.125 4.56537e-20
6.15 5.13659e-20
6.175 5.77838e-20
6.2 6.49935e-20
6.225 7.30913e-20
6.25 8.21851e-20
6.275 9.2396e-20
6.3 1.03859e-19
6.325 1.16727e-19
6.35 1.31167e-19
6.375 1.47372e-19
6.4 1.65552e-19
6.425 1.85946e-19
6.45 2.0882e-19
6.475 2.34471e-19
6.5 2.63232e-19
6.525 2.95475e-19
6.55 3.31615e-19
6.575 3.72117e-19
6.6 4.17501e-19
6.625 4.68347e-19
6.65 5.25303e-19
6.675 5.89093e-19
6.7 6.60526e-19
6.725 7.40506e-19
6.75 8.3004e-19
6.775 9.30255e-19
6.8 1.04241e-18
6.825 1.1679e-18
6.85 1.30829e-18
6.875 1.46533e-18
6.9 1.64096e-18
6.925 1.83736e-18
6.95 2.05694e-18
6.975 2.3024e-18
7 2.57676e-18
7.025 2.88335e-18
7.05 3.22592e-18
7.075 3.60863e-18
7.1 4.03611e-18
7.125 4.51353e-18
7.15 5.04662e-18
7.175 5.6418e-18
7.2 6.30619e-18
7.225 7.04772e-18
7.25 7.8752e-18
7.275 8.79848e-18
7.3 9.82845e-18
7.325 1.09773e-17
7.35 1.22585e-17
7.375 1.36871e-17
7.4 1.52798e-17
7.425 1.70552e-17
7.45 1.90339e-17
7.475 2.12388e-17
7.5 2.36954e-17
7.525 2.64321e-17
7.55 2.94802e-17
7.575 3.28747e-17
7.6 3.66543e-17
7.625 4.08621e-17
7.65 4.55458e-17
7.675 5.07585e-17
7.7 5.65588e-17
7.725 6.30122e-17
7.75 7.01909e-17
7.775 7.81753e-17
7.8 8.70543e-17
7.825 9.69266e-17
7.85 1.07902e-16
7.875 1.201e-16
7.9 1.33658e-16
7.925 1.48722e-16
7.95 1.65458e-16
7.975 1.84049e-16
8 2.04697e-16
8.025 2.27626e-16
8.05 2.53083e-16
8.075 2.81344e-16
8.1 3.12712e-16
8.125 3.47522e-16
8.15 3.86147e-16
8.175 4.28999e-16
8.2 4.7653e-16
8.225 5.29246e-16
8.25 5.87702e-16
8.275 6.52511e-16
8.3 7.24355e-16
8.325 8.03983e-16
8.35 8.92226e-16
8.375 9.89999e-16
8.4 1.09831e-15
8.425 1.21829e-15
8.45 1.35116e-15
8.475 1.49829e-15
8.5 1.66118e-15
8.525 1.84149e-15
8.55 2.04105e-15
8.575 2.26188e-15
8.6 2.50622e-15
8.625 2.77652e-15
8.65 3.07549e-15
8.675 3.40612e-15
8.7 3.7717e-15
8.725 4.17587e-15
8.75 4.62263e-15
8.775 5.11639e-15
8.8 5.662e-15
8.825 6.26481e-15
8.85 6.93072e-15
8.875 7.66622e-15
8.9 8.47844e-15
8.925 9.37525e-15
8.95 1.03653e-14
8.975 1.14581e-14
9 1.26642e-14
9.025 1.3995e-14
9.05 1.54632e-14
9.075 1.70828e-14
9.1 1.88691e-14
9.125 2.08389e-14
9.15 2.30108e-14
9.175 2.54051e-14
9.2 2.8044e-14
9.225 3.09523e-14
9.25 3.41569e-14
9.275 3.76873e-14
9.3 4.15761e-14
9.325 4.58591e-14
9.35 5.05753e-14
9.375 5.57679e-14
9.4 6.1484e-14
9.425 6.77753e-14
9.45 7.46988e-14
9.475 8.23166e-14
9.5 9.06972e-14
9.525 9.99153e-14
9.55 1.10053e-13
9.575 1.21201e-13
9.6 1.33457e-13
9.625 1.46929e-13
9.65 1.61736e-13
9.675 1.78007e-13
9.7 1.95885e-13
9.725 2.15524e-13
9.75 2.37096e-13
9.775 2.60786e-13
9.8 2.86798e-13
9.825 3.15355e-13
9.85 3.46701e-13
9.875 3.81104e-13
9.9 4.18856e-13
9.925 4.60275e-13
9.95 5.0571e-13
9.975 5.55544e-13
10 6.10194e-13
10.025 6.70114e-13
10.05 7.35804e-13
10.075 8.07807e-13
10.1 8.86717e-13
10.125 9.73184e-13
10.15 1.06792e-12
10.175 1.17169e-12
10.2 1.28534e-12
10.225 1.40979e-12
10.25 1.54606e-12
10.275 1.69523e-12
10.3 1.8585e-12
10.325 2.03718e-12
10.35 2.23269e-12
10.375 2.44658e-12
10.4 2.68055e-12
10.425 2.93643e-12
10.45 3.21623e-12
10.475 3.52214e-12
10.5 3.85654e-12
10.525 4.22204e-12
10.55 4.62145e-12
10.575 5.05786e-12
10.6 5.53461e-12
10.625 6.05535e-12
10.65 6.62406e-12
10.675 7.24505e-12
10.7 7.92301e-12
10.725 8.66306e-12
10.75 9.47075e-12
10.775 1.03521e-11
10.8 1.13138e-11
10.825 1.23628e-11
10.85 1.3507e-11
10.875 1.47548e-11
10.9 1.61153e-11
10.925 1.75986e-11
10.95 1.92153e-11
10.975 2.09773e-11
11 2.28973e-11
11.025 2.49892e-11
11.05 2.72679e-11
11.075 2.97497e-11
11.1 3.24523e-11
11.125 3.53949e-11
11.15 3.85983e-11
11.175 4.20851e-11
11.2 4.58796e-11
11.225 5.00085e-11
11.25 5.45004e-11
11.275 5.93866e-11
11.3 6.47006e-11
11.325 7.04792e-11
11.35 7.67619e-11
11.375 8.35916e-11
11.4 9.10147e-11
11.425 9.90815e-11
11.45 1.07846e-10
11.475 1.17368e-10
11.5 1.27711e-10
11.525 1.38944e-10
11.55 1.5114e-10
11.575 1.64382e-10
11.6 1.78756e-10
11.625 1.94356e-10
11.65 2.11285e-10
11.675 2.29653e-10
11.7 2.49578e-10
11.725 2.7119e-10
11.75 2.94627e-10
11.775 3.20039e-10
11.8 3.47589e-10
11.825 3.77452e-10
11.85 4.09816e-10
11.875 4.44886e-10
11.9 4.82881e-10
11.925 5.2404e-10
11.95 5.68618e-10
11.975 6.16891e-10
12 6.69159e-10
12.025 7.25741e-10
12.05 7.86985e-10
12.075 8.53263e-10
12.1 9.24979e-10
12.125 1.00257e-09
12.15 1.08649e-09
12.175 1.17726e-09
12.2 1.27541e-09
12.225 1.38152e-09
12.25 1.49624e-09
12.275 1.62022e-09
12.3 1.75421e-09
12.325 1.89897e-09
12.35 2.05536e-09
12.375 2.22429e-09
12.4 2.40672e-09
12.425 2.60371e-09
12.45 2.81638e-09
12.475 3.04595e-09
12.5 3.29371e-09
12.525 3.56108e-09
12.55 3.84954e-09
12.575 4.16072e-09
12.6 4.49635e-09
12.625 4.8583e-09
12.65 5.24856e-09
12.675 5.66928e-09
12.7 6.12278e-09
12.725 6.61151e-09
12.75 7.13815e-09
12.775 7.70553e-09
12.8 8.3167e-09
12.825 8.97495e-09
12.85 9.68379e-09
12.875 1.0447e-08
12.9 1.12686e-08
12.925 1.21528e-08
12.95 1.31045e-08
12.975 1.41284e-08
13 1.523e-08
13.025 1.64149e-08
13.05 1.76892e-08
13.075 1.90594e-08
13.1 2.05326e-08
13.125 2.21163e-08
13.15 2.38183e-08
13.175 2.56473e-08
13.2 2.76124e-08
13.225 2.97235e-08
13.25 3.1991e-08
13.275 3.4426e-08
13.3 3.70406e-08
13.325 3.98476e-08
13.35 4.28606e-08
13.375 4.60942e-08
13.4 4.95641e-08
13.425 5.32868e-08
13.45 5.72801e-08
13.475 6.15631e-08
13.5 6.6156e-08
13.525 7.10805e-08
13.55 7.63596e-08
13.575 8.20179e-08
13.6 8.80818e-08
13.625 9.45792e-08
13.65 1.0154e-07
13.675 1.08996e-07
13.7 1.16982e-07
13.725 1.25532e-07
13.75 1.34687e-07
13.775 1.44487e-07
13.8 1.54975e-07
13.825 1.66199e-07
13.85 1.78208e-07
13.875 1.91055e-07
13.9 2.04796e-07
13.925 2.19491e-07
13.95 2.35204e-07
13.975 2.52002e-07
14 2.69958e-07
14.025 2.89148e-07
14.05 3.09653e-07
14.075 3.31561e-07
14.1 3.54964e-07
14.125 3.79959e-07
14.15 4.0665e-07
14.175 4.35149e-07
14.2 4.65572e-07
14.225 4.98044e-07
14.25 5.32697e-07
14.275 5.69673e-07
14.3 6.0912e-07
14.325 6.51197e-07
14.35 6.96072e-07
14.375 7.43923e-07
14.4 7.94939e-07
14.425 8.49321e-07
14.45 9.07282e-07
14.475 9.69047e-07
14.5 1.03485e-06
14.525 1.10496e-06
14.55 1.17963e-06
14.575 1.25914e-06
14.6 1.34381e-06
14.625 1.43395e-06
14.65 1.52989e-06
14.675 1.632e-06
14.7 1.74065e-06
14.725 1.85625e-06
14.75 1.97921e-06
14.775 2.10999e-06
14.8 2.24906e-06
14.825 2.39691e-06
14.85 2.5541e-06
14.875 2.72116e-06
14.9 2.89869e-06
14.925 3.08733e-06
14.95 3.28773e-06
14.975 3.50059e-06
15 3.72665e-06
15.025 3.96669e-06
15.05 4.22153e-06
15.075 4.49204e-06
15.1 4.77914e-06
15.125 5.08379e-06
15.15 5.40702e-06
15.175 5.7499e-06
15.2 6.11357e-06
15.225 6.49922e-06
15.25 6.90812e-06
15.275 7.3416e-06
15.3 7.80107e-06
15.325 8.28799e-06
15.35 8.80393e-06
15.375 9.35052e-06
15.4 9.9295e-06
15.425 1.05427e-05
15.45 1.1192e-05
15.475 1.18794e-05
15.5 1.26071e-05
15.525 1.33773e-05
15.55 1.41923e-05
15.575 1.50546e-05
15.6 1.59668e-05
15.625 1.69316e-05
15.65 1.79519e-05
15.675 1.90308e-05
15.7 2.01713e-05
15.725 2.13768e-05
15.75 2.26509e-05
15.775 2.39971e-05
15.8 2.54193e-05
15.825 2.69217e-05
15.85 2.85084e-05
15.875 3.01839e-05
15.9 3.19528e-05
15.925 3.38202e-05
15.95 3.57911e-05
15.975 3.78709e-05
16 4.00653e-05
16.025 4.23802e-05
16.05 4.4822e-05
16.075 4.73969e-05
16.1 5.0112e-05
16.125 5.29743e-05
16.15 5.59914e-05
16.175 5.91711e-05
16.2 6.25215e-05
16.225 6.60513e-05
16.25 6.97696e-05
16.275 7.36856e-05
16.3 7.78093e-05
16.325 8.21509e-05
16.35 8.67212e-05
16.375 9.15314e-05
16.4 9.65934e-05
16.425 0.000101919
16.45 0.000107522
16.475 0.000113415
16.5 0.000119613
16.525 0.000126129
16.55 0.00013298
16.575 0.000140181
16.6 0.000147748
16.625 0.0001557
16.65 0.000164054
16.675 0.00017283
16.7 0.000182046
16.725 0.000191724
16.75 0.000201885
16.775 0.000212551
16.8 0.000223746
16.825 0.000235493
16.85 0.000247819
16.875 0.000260749
16.9 0.00027431
16.925 0.000288532
16.95 0.000303444
16.975 0.000319077
17 0.000335463
17.025 0.000352635
17.05 0.000370628
17.075 0.000389478
17.1 0.000409223
17.125 0.000429902
17.15 0.000451555
17.175 0.000474225
17.2 0.000497955
17.225 0.000522791
17.25 0.00054878
17.275 0.000575971
17.3 0.000604415
17.325 0.000634164
17.35 0.000665273
17.375 0.0006978
17.4 0.000731802
17.425 0.000767342
17.45 0.000804482
17.475 0.000843287
17.5 0.000883826
17.525 0.00092617
17.55 0.00097039
17.575 0.00101656
17.6 0.00106477
17.625 0.00111508
17.65 0.00116759
17.675 0.00122238
17.7 0.00127955
17.725 0.00133917
17.75 0.00140136
17.775 0.0014662
17.8 0.00153381
17.825 0.00160428
17.85 0.00167773
17.875 0.00175427
17.9 0.00183401
17.925 0.00191708
17.95 0.00200359
17.975 0.00209369
18 0.00218749
18.025 0.00228514
18.05 0.00238677
18.075 0.00249254
18.1 0.00260259
18.125 0.00271706
18.15 0.00283614
18.175 0.00295996
18.2 0.00308872
18.225 0.00322256
18.25 0.00336169
18.275 0.00350627
18.3 0.0036565
18.325 0.00381256
18.35 0.00397467
18.375 0.00414303
18.4 0.00431784
18.425 0.00449932
18.45 0.0046877
18.475 0.00488321
18.5 0.00508607
18.525 0.00529653
18.55 0.00551484
18.575 0.00574125
18.6 0.00597602
18.625 0.00621942
18.65 0.00647173
18.675 0.00673321
18.7 0.00700417
18.725 0.00728489
18.75 0.00757568
18.775 0.00787684
18.8 0.0081887
18.825 0.00851158
18.85 0.0088458
18.875 0.00919171
18.9 0.00954966
18.925 0.00991999
18.95 0.0103031
18.975 0.0106993
19 0.011109
19.025 0.0115326
19.05 0.0119705
19.075 0.012423
19.1 0.0128907
19.125 0.0133739
19.15 0.013873
19.175 0.0143885
19.2 0.0149208
19.225 0.0154704
19.25 0.0160377
19.275 0.0166232
19.3 0.0172275
19.325 0.0178509
19.35 0.0184939
19.375 0.0191572
19.4 0.0198411
19.425 0.0205462
19.45 0.0212731
19.475 0.0220222
19.5 0.0227942
19.525 0.0235895
19.55 0.0244088
19.575 0.0252526
19.6 0.0261214
19.625 0.0270159
19.65 0.0279367
19.675 0.0288844
19.7 0.0298596
19.725 0.0308628
19.75 0.0318948
19.775 0.0329561
19.8 0.0340475
19.825 0.0351694
19.85 0.0363227
19.875 0.0375079
19.9 0.0387258
19.925 0.0399769
19.95 0.041262
19.975 0.0425818
20 0.0439369
20.025 0.0453281
20.05 0.046756
20.075 0.0482214
20.1 0.0497249
20.125 0.0512673
20.15 0.0528492
20.175 0.0544715
20.2 0.0561348
20.225 0.0578398
20.25 0.0595873
20.275 0.061378
20.3 0.0632127
20.325 0.065092
20.35 0.0670168
20.375 0.0689876
20.4 0.0710054
20.425 0.0730707
20.45 0.0751843
20.475 0.077347
20.5 0.0795595
20.525 0.0818225
20.55 0.0841367
20.575 0.0865028
20.6 0.0889216
20.625 0.0913938
20.65 0.0939199
20.675 0.0965009
20.7 0.0991373
20.725 0.10183
20.75 0.104579
20.775 0.107386
20.8 0.110251
20.825 0.113174
20.85 0.116157
20.875 0.1192
20.9 0.122303
20.925 0.125468
20.95 0.128695
20.975 0.131984
21 0.135335
21.025 0.13875
21.05 0.14223
21.075 0.145773
21.1 0.149382
21.125 0.153056
21.15 0.156796
21.175 0.160602
21.2 0.164474
21.225 0.168414
21.25 0.172422
21.275 0.176497
21.3 0.18064
21.325 0.184851
21.35 0.189132
21.375 0.193481
21.4 0.197899
21.425 0.202386
21.45 0.206943
21.475 0.211569
21.5 0.216265
21.525 0.221031
21.55 0.225866
21.575 0.230771
21.6 0.235746
21.625 0.24079
21.65 0.245904
21.675 0.251088
21.7 0.25634
21.725 0.261662
21.75 0.267052
21.775 0.272511
21.8 0.278037
21.825 0.283632
21.85 0.289294
21.875 0.295023
21.9 0.300818
21.925 0.306679
21.95 0.312606
21.975 0.318597
22 0.324652
22.025 0.330771
22.05 0.336953
22.075 0.343196
22.1 0.349501
22.125 0.355865
22.15 0.362289
22.175 0.368771
22.2 0.375311
22.225 0.381907
22.25 0.388558
22.275 0.395263
22.3 0.402021
22.325 0.408831
22.35 0.415691
22.375 0.4226
22.4 0.429557
22.425 0.436561
22.45 0.443609
22.475 0.4507
22.5 0.457833
22.525 0.465007
22.55 0.472219
22.575 0.479468
22.6 0.486752
22.625 0.49407
22.65 0.501419
22.675 0.508799
22.7 0.516206
22.725 0.523639
22.75 0.531096
22.775 0.538575
22.8 0.546074
22.825 0.553592
22.85 0.561124
22.875 0.568671
22.9 0.576229
22.925 0.583796
22.95 0.591371
22.975 0.598949
23 0.606531
23.025 0.614112
23.05 0.621691
23.075 0.629265
23.1 0.636832
23.125 0.644389
23.15 0.651934
23.175 0.659464
23.2 0.666977
23.225 0.67447
23.25 0.681941
23.275 0.689387
23.3 0.696805
23.325 0.704193
23.35 0.711548
23.375 0.718868
23.4 0.726149
23.425 0.73339
23.45 0.740587
23.475 0.747738
23.5 0.75484
23.525 0.76189
23.55 0.768886
23.575 0.775825
23.6 0.782705
23.625 0.789522
23.65 0.796274
23.675 0.802958
23.7 0.809572
23.725 0.816112
23.75 0.822578
23.775 0.828964
23.8 0.83527
23.825 0.841493
23.85 0.847629
23.875 0.853676
23.9 0.859633
23.925 0.865495
23.95 0.871262
23.975 0.87693
24 0.882497
24.025 0.88796
24.05 0.893318
24.075 0.898568
24.1 0.903707
24.125 0.908734
24.15 0.913646
24.175 0.918441
24.2 0.923116
24.225 0.927671
24.25 0.932102
24.275 0.936409
24.3 0.940588
24.325 0.944638
24.35 0.948558
24.375 0.952345
24.4 0.955997
24.425 0.959514
24.45 0.962893
24.475 0.966134
24.5 0.969233
24.525 0.972191
24.55 0.975005
24.575 0.977675
24.6 0.980199
24.625 0.982575
24.65 0.984804
24.675 0.986884
24.7 0.988813
24.725 0.990591
24.75 0.992218
24.775 0.993692
24.8 0.995012
24.825 0.996179
24.85 0.997191
24.875 0.998049
24.9 0.998751
24.925 0.999297
24.95 0.999688
24.975 0.999922
25 1
25.025 0.999922
25.05 0.999688
25.075 0.999297
25.1 0.998751
25.125 0.998049
25.15 0.997191
25.175 0.996179
25.2 0.995012
25.225 0.993692
25.25 0.992218
25.275 0.990591
25.3 0.988813
25.325 0.986884
25.35 0.984804
25.375 0.982575
25.4 0.980199
25.425 0.977675
25.45 0.975005
25.475 0.972191
25.5 0.969233
25.525 0.966134
25.55 0.962893
25.575 0.959514
25.6 0.955997
25.625 0.952345
25.65 0.948558
25.675 0.944638
25.7 0.940588
25.725 0.936409
25.75 0.932102
25.775 0.927671
25.8 0.923116
25.825 0.918441
25.85 0.913646
25.875 0.908734
25.9 0.903707
25.925 0.898568
25.95 0.893318
25.975 0.88796
26 0.882497
26.025 0.87693
26.05 0.871262
26.075 0.865495
26.1 0.859633
26.125 0.853676
26.15 0.847629
26.175 0.841493
26.2 0.83527
26.225 0.828964
26.25 0.822578
26.275 0.816112
26.3 0.809572
26.325 0.802958
26.35 0.796274
26.375 0.789522
26.4 0.782705
26.425 0.775825
26.45 0.768886
26.475 0.76189
26.5 0.75484
26.525 0.747738
26.55 0.740587
26.575 0.73339
26.6 0.726149
26.625 0.718868
26.65 0.711548
26.675 0.704193
26.7 0.696805
26.725 0.689387
26.75 0.681941
26.775 0.67447
26.8 0.666977
26.825 0.659464
26.85 0.651934
26.875 0.644389
26.9 0.636832
26.925 0.629265
26.95 0.621691
26.975 0.614112
27 0.606531
27.025 0.598949
27.05 0.591371
27.075 0.583796
27.1 0.576229
27.125 0.568671
27.15 0.561124
27.175 0.553592
27.2 0.546074
27.225 0.538575
27.25 0.531096
27.275 0.523639
27.3 0.516206
27.325 0.508799
27.35 0.501419
27.375 0.49407
27.4 0.486752
27.425 0.479468
27.45 0.472219
27.475 0.465007
27.5 0.457833
27.525 0.4507
27.55 0.443609
27.575 0.436561
27.6 0.429557
27.625 0.4226
27.65 0.415691
27.675 0.408831
27.7 0.402021
27.725 0.395263
27.75 0.388558
27.775 0.381907
27.8 0.375311
27.825 0.368771
27.85 0.362289
27.875 0.355865
27.9 0.349501
27.925 0.343196
27.95 0.336953
27.975 0.330771
28 0.324652
28.025 0.318597
28.05 0.312606
28.075 0.306679
28.1 0.300818
28.125 0.295023
28.15 0.289294
28.175 0.283632
28.2 0.278037
28.225 0.272511
28.25 0.267052
28.275 0.261662
28.3 0.25634
28.325 0.251088
28.35 0.245904
28.375 0.24079
28.4 0.235746
28.425 0.230771
28.45 0.225866
28.475 0.221031
28.5 0.216265
28.525 0.211569
28.55 0.206943
28.575 0.202386
28.6 0.197899
28.625 0.193481
28.65 0.189132
28.675 0.184851
28.7 0.18064
28.725 0.176497
28.75 0.172422
28.775 0.168414
28.8 0.164474
28.825 0.160602
28.85 0.156796
28.875 0.153056
28.9 0.149382
28.925 0.145773
28.95 0.14223
28.975 0.13875
29 0.135335
29.025 0.131984
29.05 0.128695
29.075 0.125468
29.1 0.122303
29.125 0.1192
29.15 0.116157
29.175 0.113174
29.2 0.110251
29.225 0.107386
29.25 0.104579
29.275 0.10183
29.3 0.0991373
29.325 0.0965009
29.35 0.0939199
29.375 0.0913938
29.4 0.0889216
29.425 0.0865028
29.45 0.0841367
29.475 0.0818225
29.5 0.0795595
29.525 0.077347
29.55 0.0751843
29.575 0.0730707
29.6 0.0710054
29.625 0.0689876
29.65 0.0670168
29.675 0.065092
29.7 0.0632127
29.725 0.061378
29.75 0.0595873
29.775 0.0578398
29.8 0.0561348
29.825 0.0544715
29.85 0.0528492
29.875 0.0512673
29.9 0.0497249
29.925 0.0482214
29.95 0.046756
29.975 0.0453281
30 0.0439369
30.025 0.0425818
30.05 0.041262
30.075 0.0399769
30.1 0.0387258
30.125 0.0375079
30.15 0.0363227
30.175 0.0351694
30.2 0.0340475
30.225 0.0329561
30.25 0.0318948
30.275 0.0308628
30.3 0.0298596
30.325 0.0288844
30.35 0.0279367
30.375 0.0270159
30.4 0.0261214
30.425 0.0252526
30.45 0.0244088
30.475 0.0235895
30.5 0.0227942
30.525 0.0220222
30.55 0.0212731
30.575 0.0205462
30.6 0.0198411
30.625 0.0191572
30.65 0.0184939
30.675 0.0178509
30.7 0.0172275
30.725 0.0166232
30.75 0.0160377
30.775 0.0154704
30.8 0.0149208
30.825 0.0143885
30.85 0.013873
30.875 0.0133739
30.9 0.0128907
30.925 0.012423
30.95 0.0119705
30.975 0.0115326
31 0.011109
31.025 0.0106993
31.05 0.0103031
31.075 0.00991999
31.1 0.00954966
31.125 0.00919171
31.15 0.0088458
31.175 0.00851158
31.2 0.0081887
31.225 0.00787684
31.25 0.00757568
31.275 0.00728489
31.3 0.00700417
31.325 0.00673321
31.35 0.00647173
31.375 0.00621942
31.4 0.00597602
31.425 0.00574125
31.45 0.00551484
31.475 0.00529653
31.5 0.00508607
31.525 0.00488321
31.55 0.0046877
31.575 0.00449932
31.6 0.00431784
31.625 0.00414303
31.65 0.00397467
31.675 0.00381256
31.7 0.0036565
31.725 0.00350627
31.75 0.00336169
31.775 0.00322256
31.8 0.00308872
31.825 0.00295996
31.85 0.00283614
31.875 0.00271706
31.9 0.00260259
31.925 0.00249254
31.95 0.00238677
31.975 0.00228514
32 0.00218749
32.025 0.00209369
32.05 0.00200359
32.075 0.00191708
32.1 0.00183401
32.125 0.00175427
32.15 0.00167773
32.175 0.00160428
32.2 0.00153381
32.225 0.0014662
32.25 0.00140136
32.275 0.00133917
32.3 0.00127955
32.325 0.00122238
32.35 0.00116759
32.375 0.00111508
32.4 0.00106477
32.425 0.00101656
32.45 0.00097039
32.475 0.00092617
32.5 0.000883826
32.525 0.000843287
32.55 0.000804482
32.575 0.000767342
32.6 0.000731802
32.625 0.0006978
32.65 0.000665273
32.675 0.000634164
32.7 0.000604415
32.725 0.000575971
32.75 0.00054878
32.775 0.000522791
32.8 0.000497955
32.825 0.000474225
32.85 0.000451555
32.875 0.000429902
32.9 0.000409223
32.925 0.000389478
32.95 0.000370628
32.975 0.000352635
33 0.000335463
33.025 0.000319077
33.05 0.000303444
33.075 0.000288532
33.1 0.00027431
33.125 0.000260749
33.15 0.000247819
33.175 0.000235493
33.2 0.000223746
33.225 0.000212551
33.25 0.000201885
33.275 0.000191724
33.3 0.000182046
33.325 0.00017283
33.35 0.000164054
33.375 0.0001557
33.4 0.000147748
33.425 0.000140181
33.45 0.00013298
33.475 0.000126129
33.5 0.000119613
33.525 0.000113415
33.55 0.000107522
33.575 0.000101919
33.6 9.65934e-05
33.625 9.15314e-05
33.65 8.67212e-05
33.675 8.21509e-05
33.7 7.78093e-05
33.725 7.36856e-05
33.75 6.97696e-05
33.775 6.60513e-05
33.8 6.25215e-05
33.825 5.91711e-05
33.85 5.59914e-05
33.875 5.29743e-05
33.9 5.0112e-05
33.925 4.73969e-05
33.95 4.4822e-05
33.975 4.23802e-05
34 4.00653e-05
34.025 3.78709e-05
34.05 3.57911e-05
34.075 3.38202e-05
34.1 3.19528e-05
34.125 3.01839e-05
34.15 2.85084e-05
34.175 2.69217e-05
34.2 2.54193e-05
34.225 2.39971e-05
34.25 2.26509e-05
34.275 2.13768e-05
34.3 2.01713e-05
34.325 1.90308e-05
34.35 1.79519e-05
34.375 1.69316e-05
34.4 1.59668e-05
34.425 1.50546e-05
34.45 1.41923e-05
34.475 1.33773e-05
34.5 1.26071e-05
34.525 1.18794e-05
34.55 1.1192e-05
34.575 1.05427e-05
34.6 9.9295e-06
34.625 9.35052e-06
34.65 8.80393e-06
34.675 8.28799e-06
34.7 7.80107e-06
34.725 7.3416e-06
34.75 6.90812e-06
34.775 6.49922e-06
34.8 6.11357e-06
34.825 5.7499e-06
34.85 5.40702e-06
34.875 5.08379e-06
34.9 4.77914e-06
34.925 4.49204e-06
34.95 4.22153e-06
34.975 3.96669e-06
35 3.72665e-06
35.025 3.50059e-06
35.05 3.28773e-06
35.075 3.08733e-06
35.1 2.89869e-06
35.125 2.72116e-06
35.15 2.5541e-06
35.175 2.39691e-06
35.2 2.24906e-06
35.225 2.10999e-06
35.25 1.97921e-06
35.275 1.85625e-06
35.3 1.74065e-06
35.325 1.632e-06
35.35 1.52989e-06
35.375 1.43395e-06
35.4 1.34381e-06
35.425 1.25914e-06
35.45 1.17963e-06
35.475 1.10496e-06
35.5 1.03485e-06
35.525 9.69047e-07
35.55 9.07282e-07
35.575 8.49321e-07
35.6 7.94939e-07
35.625 7.43923e-07
35.65 6.96072e-07
35.675 6.51197e-07
35.7 6.0912e-07
35.725 5.69673e-07
35.75 5.32697e-07
35.775 4.98044e-07
35.8 4.65572e-07
35.825 4.35149e-07
35.85 4.0665e-07
35.875 3.79959e-07
35.9 3.54964e-07
35.925 3.31561e-07
35.95 3.09653e-07
35.975 2.89148e-07
36 2.69958e-07
36.025 2.52002e-07
36.05 2.35204e-07
36.075 2.19491e-07
36.1 2.04796e-07
36.125 1.91055e-07
36.15 1.78208e-07
36.175 1.66199e-07
36.2 1.54975e-07
36.225 1.44487e-07
36.25 1.34687e-07
36.275 1.25532e-07
36.3 1.16982e-07
36.325 1.08996e-07
36.35 1.0154e-07
36.375 9.45792e-08
36.4 8.80818e-08
36.425 8.20179e-08
36.45 7.63596e-08
36.475 7.10805e-08
36.5 6.6156e-08
36.525 6.15631e-08
36.55 5.72801e-08
36.575 5.32868e-08
36.6 4.95641e-08
36.625 4.60942e-08
36.65 4.28606e-08
36.675 3.98476e-08
36.7 3.70406e-08
36.725 3.4426e-08
36.75 3.1991e-08
36.775 2.97235e-08
36.8 2.76124e-08
36.825 2.56473e-08
36.85 2.38183e-08
36.875 2.21163e-08
36.9 2.05326e-08
36.925 1.90594e-08
36.95 1.76892e-08
36.975 1.64149e-08
37 1.523e-08
37.025 1.41284e-08
37.05 1.31045e-08
37.075 1.21528e-08
37.1 1.12686e-08
37.125 1.0447e-08
37.15 9.68379e-09
37.175 8.97495e-09
37.2 8.3167e-09
37.225 7.70553e-09
37.25 7.13815e-09
37.275 6.61151e-09
37.3 6.12278e-09
37.325 5.66928e-09
37.35 5.24856e-09
37.375 4.8583e-09
37.4 4.49635e-09
37.425 4.16072e-09
37.45 3.84954e-09
37.475 3.56108e-09
37.5 3.29371e-09
37.525 3.04595e-09
37.55 2.81638e-09
37.575 2.60371e-09
37.6 2.40672e-09
37.625 2.22429e-09
37.65 2.05536e-09
37.675 1.89897e-09
37.7 1.75421e-09
37.725 1.62022e-09
37.75 1.49624e-09
37.775 1.38152e-09
37.8 1.27541e-09
37.825 1.17726e-09
37.85 1.08649e-09
37.875 1.00257e-09
37.9 9.24979e-10
37.925 8.53263e-10
37.95 7.86985e-10
37.975 7.25741e-10
38 6.69159e-10
38.025 6.16891e-10
38.05 5.68618e-10
38.075 5.2404e-10
38.1 4.82881e-10
38.125 4.44886e-10
38.15 4.09816e-10
38.175 3.77452e-10
38.2 3.47589e-10
38.225 3.20039e-10
38.25 2.94627e-10
38.275 2.7119e-10
38.3 2.49578e-10
38.325 2.29653e-10
38.35 2.11285e-10
38.375 1.94356e-10
38.4 1.78756e-10
38.425 1.64382e-10
38.45 1.5114e-10
38.475 1.38944e-10
38.5 1.27711e-10
38.525 1.17368e-10
38.55 1.07846e-10
38.575 9.90815e-11
38.6 9.10147e-11
38.625 8.35916e-11
38.65 7.67619e-11
38.675 7.04792e-11
38.7 6.47006e-11
38.725 5.93866e-11
38.75 5.45004e-11
38.775 5.00085e-11
38.8 4.58796e-11
38.825 4.20851e-11
38.85 3.85983e-11
38.875 3.53949e-11
38.9 3.24523e-11
38.925 2.97497e-11
38.95 2.72679e-11
38.975 2.49892e-11
39 2.28973e-11
39.025 2.09773e-11
39.05 1.92153e-11
39.075 1.75986e-11
39.1 1.61153e-11
39.125 1.47548e-11
39.15 1.3507e-11
39.175 1.23628e-11
39.2 1.13138e-11
39.225 1.03521e-11
39.25 9.47075e-12
39.275 8.66306e-12
39.3 7.92301e-12
39.325 7.24505e-12
39.35 6.62406e-12
39.375 6.05535e-12
39.4 5.53461e-12
39.425 5.05786e-12
39.45 4.62145e-12
39.475 4.22204e-12
39.5 3.85654e-12
39.525 3.52214e-12
39.55 3.21623e-12
39.575 2.93643e-12
39.6 2.68055e-12
39.625 2.44658e-12
39.65 2.23269e-12
39.675 2.03718e-12
39.7 1.8585e-12
39.725 1.69523e-12
39.75 1.54606e-12
39.775 1.40979e-12
39.8 1.28534e-12
39.825 1.17169e-12
39.85 1.06792e-12
39.875 9.73184e-13
39.9 8.86717e-13
39.925 8.07807e-13
39.95 7.35804e-13
39.975 6.70114e-13
40 6.10194e-13
40.025 5.55544e-13
40.05 5.0571e-13
40.075 4.60275e-13
40.1 4.18856e-13
40.125 3.81104e-13
40.15 3.46701e-13
40.175 3.15355e-13
40.2 2.86798e-13
40.225 2.60786e-13
40.25 2.37096e-13
40.275 2.15524e-13
40.3 1.95885e-13
40.325 1.78007e-13
40.35 1.61736e-13
40.375 1.46929e-13
40.4 1.33457e-13
40.425 1.21201e-13
40.45 1.10053e-13
40.475 9.99153e-14
40.5 9.06972e-14
40.525 8.23166e-14
40.55 7.46988e-14
40.575 6.77753e-14
40.6 6.1484e-14
40.625 5.57679e-14
40.65 5.05753e-14
40.675 4.58591e-14
40.7 4.15761e-14
40.725 3.76873e-14
40.75 3.41569e-14
40.775 3.09523e-14
40.8 2.8044e-14
40.825 2.54051e-14
40.85 2.30108e-14
40.875 2.08389e-14
40.9 1.88691e-14
40.925 1.70828e-14
40.95 1.54632e-14
40.975 1.3995e-14
41 1.26642e-14
41.025 1.14581e-14
41.05 1.03653e-14
41.075 9.37525e-15
41.1 8.47844e-15
41.125 7.66622e-15
41.15 6.93072e-15
41.175 6.26481e-15
41.2 5.662e-15
41.225 5.11639e-15
41.25 4.62263e-15
41.275 4.17587e-15
41.3 3.7717e-15
41.325 3.40612e-15
41.35 3.07549e-15
41.375 2.77652e-15
41.4 2.50622e-15
41.425 2.26188e-15
41.45 2.04105e-15
41.475 1.84149e-15
41.5 1.66118e-15
41.525 1.49829e-15
41.55 1.35116e-15
41.575 1.21829e-15
41.6 1.09831e-15
41.625 9.89999e-16
41.65 8.92226e-16
41.675 8.03983e-16
41.7 7.24355e-16
41.725 6.52511e-16
41.75 5.87702e-16
41.775 5.29246e-16
41.8 4.7653e-16
41.825 4.28999e-16
41.85 3.86147e-16
41.875 3.47522e-16
41.9 3.12712e-16
41.925 2.81344e-16
41.95 2.53083e-16
41.975 2.27626e-16
42 2.04697e-16
42.025 1.84049e-16
42.05 1.65458e-16
42.075 1.48722e-16
42.1 1.33658e-16
42.125 1.201e-16
42.15 1.07902e-16
42.175 9.69266e-17
42.2 8.70543e-17
42.225 7.81753e-17
42.25 7.01909e-17
42.275 6.30122e-17
42.3 5.65588e-17
42.325 5.07585e-17
42.35 4.55458e-17
42.375 4.08621e-17
42.4 3.66543e-17
42.425 3.28747e-17
42.45 2.94802e-17
42.475 2.64321e-17
42.5 2.36954e-17
42.525 2.12388e-17
42.55 1.90339e-17
42.575 1.70552e-17
42.6 1.52798e-17
42.625 1.36871e-17
42.65 1.22585e-17
42.675 1.09773e-17
42.7 9.82845e-18
42.725 8.79848e-18
42.75 7.8752e-18
42.775 7.04772e-18
42.8 6.30619e-18
42.825 5.6418e-18
42.85 5.04662e-18
42.875 4.51353e-18
42.9 4.03611e-18
42.925 3.60863e-18
42.95 3.22592e-18
42.975 2.88335e-18
43 2.57676e-18
43.025 2.3024e-18
43.05 2.05694e-18
43.075 1.83736e-18
43.1 1.64096e-18
43.125 1.46533e-18
43.15 1.30829e-18
43.175 1.1679e-18
43.2 1.04241e-18
43.225 9.30255e-19
43.25 8.3004e-19
43.275 7.40506e-19
43.3 6.60526e-19
43.325 5.89093e-19
43.35 5.25303e-19
43.375 4.68347e-19
43.4 4.17501e-19
43.425 3.72117e-19
43.45 3.31615e-19
43.475 2.95475e-19
43.5 2.63232e-19
43.525 2.34471e-19
43.55 2.0882e-19
43.575 1.85946e-19
43.6 1.65552e-19
43.625 1.47372e-19
43.65 1.31167e-19
43.675 1.16727e-19
43.7 1.03859e-19
43.725 9.2396e-20
43.75 8.21851e-20
43.775 7.30913e-20
43.8 6.49935e-20
43.825 5.77838e-20
43.85 5.13659e-20
43.875 4.56537e-20
43.9 4.05703e-20
43.925 3.60474e-20
43.95 3.20236e-20
43.975 2.84446e-20
44 2.52616e-20
44.025 2.24313e-20
44.05 1.9915e-20
44.075 1.76782e-20
44.1 1.56902e-20
44.125 1.39236e-20
44.15 1.23539e-20
44.175 1.09595e-20
44.2 9.72099e-21
44.225 8.62107e-21
44.25 7.64441e-21
44.275 6.77733e-21
44.3 6.00767e-21
44.325 5.32458e-21
44.35 4.71842e-21
44.375 4.18062e-21
44.4 3.70353e-21
44.425 3.28038e-21
44.45 2.90512e-21
44.475 2.57239e-21
44.5 2.27741e-21
44.525 2.01594e-21
44.55 1.78421e-21
44.575 1.57887e-21
44.6 1.39694e-21
44.625 1.23579e-21
44.65 1.09305e-21
44.675 9.66653e-22
44.7 8.54736e-22
44.725 7.55658e-22
44.75 6.67961e-22
44.775 5.90349e-22
44.8 5.21674e-22
44.825 4.60915e-22
44.85 4.0717e-22
44.875 3.59635e-22
44.9 3.176e-22
44.925 2.80434e-22
44.95 2.47579e-22
44.975 2.18539e-22
45 1.92875e-22
45.025 1.70198e-22
45.05 1.50164e-22
45.075 1.32468e-22
45.1 1.16838e-22
45.125 1.03037e-22
45.15 9.08518e-23
45.175 8.00951e-23
45.2 7.06009e-23
45.225 6.22223e-23
45.25 5.48296e-23
45.275 4.83076e-23
45.3 4.25548e-23
45.325 3.74812e-23
45.35 3.30073e-23
45.375 2.90629e-23
45.4 2.55859e-23
45.425 2.25214e-23
45.45 1.98208e-23
45.475 1.74413e-23
45.5 1.5345e-23
45.525 1.34986e-23
45.55 1.18726e-23
45.575 1.04407e-23
45.6 9.18014e-24
45.625 8.07049e-24
45.65 7.09386e-24
45.675 6.23444e-24
45.7 5.47829e-24
45.725 4.81309e-24
45.75 4.228e-24
45.775 3.71346e-24
45.8 3.26103e-24
45.825 2.86327e-24
45.85 2.51363e-24
45.875 2.20635e-24
45.9 1.93633e-24
45.925 1.69908e-24
45.95 1.49068e-24
45.975 1.30763e-24
46 1.14688e-24
46.025 1.00573e-24
46.05 8.81817e-25
46.075 7.73051e-25
46.1 6.77593e-25
46.125 5.93831e-25
46.15 5.20341e-25
46.175 4.55875e-25
46.2 3.99334e-25
46.225 3.4975e-25
46.25 3.06275e-25
46.275 2.68163e-25
46.3 2.34756e-25
46.325 2.05479e-25
46.35 1.79825e-25
46.375 1.57349e-25
46.4 1.37661e-25
46.425 1.20418e-25
46.45 1.05318e-25
46.475 9.20972e-26
46.5 8.05234e-26
46.525 7.0393e-26
46.55 6.15275e-26
46.575 5.37702e-26
46.6 4.69835e-26
46.625 4.10471e-26
46.65 3.58551e-26
46.675 3.13149e-26
46.7 2.73454e-26
46.725 2.38753e-26
46.75 2.08423e-26
46.775 1.81918e-26
46.8 1.58758e-26
46.825 1.38526e-26
46.85 1.20852e-26
46.875 1.05418e-26
46.9 9.19397e-27
46.925 8.01724e-27
46.95 6.99003e-27
46.975 6.09348e-27
47 5.31109e-27
47.025 4.62844e-27
47.05 4.0329e-27
47.075 3.51344e-27
47.1 3.06041e-27
47.125 2.66537e-27
47.15 2.32097e-27
47.175 2.02075e-27
47.2 1.75909e-27
47.225 1.53107e-27
47.25 1.3324e-27
47.275 1.15933e-27
47.3 1.00858e-27
47.325 8.77301e-28
47.35 7.62986e-28
47.375 6.63464e-28
47.4 5.76833e-28
47.425 5.01435e-28
47.45 4.35825e-28
47.475 3.7874e-28
47.5 3.29081e-28
47.525 2.85888e-28
47.55 2.48325e-28
47.575 2.15665e-28
47.6 1.8727e-28
47.625 1.62589e-28
47.65 1.41138e-28
47.675 1.22499e-28
47.7 1.06304e-28
47.725 9.22359e-29
47.75 8.00171e-29
47.775 6.94061e-29
47.8 6.01928e-29
47.825 5.21944e-29
47.85 4.52517e-29
47.875 3.92264e-29
47.9 3.3998e-29
47.925 2.9462e-29
47.95 2.55271e-29
47.975 2.21143e-29
48 1.91548e-29
48.025 1.65887e-29
48.05 1.43642e-29
48.075 1.24361e-29
48.1 1.0765e-29
48.125 9.31708e-30
48.15 8.06263e-30
48.175 6.97599e-30
48.2 6.03486e-30
48.225 5.21988e-30
48.25 4.51426e-30
48.275 3.90341e-30
48.3 3.37469e-30
48.325 2.91713e-30
48.35 2.52121e-30
48.375 2.17869e-30
48.4 1.88241e-30
48.425 1.62617e-30
48.45 1.40458e-30
48.475 1.213e-30
48.5 1.04739e-30
48.525 9.04249e-31
48.55 7.80547e-31
48.575 6.73663e-31
48.6 5.81324e-31
48.625 5.01563e-31
48.65 4.32679e-31
48.675 3.73196e-31
48.7 3.21841e-31
48.725 2.77509e-31
48.75 2.39247e-31
48.775 2.06228e-31
48.8 1.77738e-31
48.825 1.5316e-31
48.85 1.3196e-31
48.875 1.13676e-31
48.9 9.79109e-32
48.925 8.43188e-32
48.95 7.26022e-32
48.975 6.2504e-32
49 5.38019e-32
49.025 4.63041e-32
49.05 3.98449e-32
49.075 3.42815e-32
49.1 2.94902e-32
49.125 2.53646e-32
49.15 2.18128e-32
49.175 1.87554e-32
49.2 1.6124e-32
49.225 1.38596e-32
49.25 1.19114e-32
49.275 1.02354e-32
49.3 8.7939e-33
49.325 7.55421e-33
49.35 6.48827e-33
49.375 5.57187e-33
49.4 4.78415e-33
49.425 4.10715e-33
49.45 3.52541e-33
49.475 3.02559e-33
49.5 2.59622e-33
49.525 2.22744e-33
49.55 1.91075e-33
49.575 1.63883e-33
49.6 1.40538e-33
49.625 1.205e-33
49.65 1.03303e-33
49.675 8.85463e-34
49.7 7.58857e-34
49.725 6.50252e-34
49.75 5.57103e-34
49.775 4.77224e-34
49.8 4.08733e-34
49.825 3.50018e-34
49.85 2.99691e-34
49.875 2.56559e-34
49.9 2.19601e-34
49.925 1.87938e-34
49.95 1.60814e-34
49.975 1.37584e-34
