0 -1.35003e-16
0.025 -0.000147977
0.05 -0.000295955
0.075 -0.000443935
0.1 -0.000591917
0.125 -0.000739902
0.15 -0.000887891
0.175 -0.00103588
0.2 -0.00118388
0.225 -0.00133189
0.25 -0.0014799
0.275 -0.00162792
0.3 -0.00177595
0.325 -0.00192399
0.35 -0.00207203
0.375 -0.00222009
0.4 -0.00236816
0.425 -0.00251624
0.45 -0.00266434
0.475 -0.00281244
0.5 -0.00296057
0.525 -0.00310871
0.55 -0.00325686
0.575 -0.00340503
0.6 -0.00355322
0.625 -0.00370143
0.65 -0.00384966
0.675 -0.0039979
0.7 -0.00414617
0.725 -0.00429446
0.75 -0.00444277
0.775 -0.00459111
0.8 -0.00473947
0.825 -0.00488785
0.85 -0.00503626
0.875 -0.00518469
0.9 -0.00533315
0.925 -0.00548164
0.95 -0.00563016
0.975 -0.00577871
1 -0.00592729
1.025 -0.0060759
1.05 -0.00622454
1.075 -0.00637321
1.1 -0.00652191
1.125 -0.00667065
1.15 -0.00681943
1.175 -0.00696824
1.2 -0.00711708
1.225 -0.00726597
1.25 -0.00741489
1.275 -0.00756385
1.3 -0.00771285
1.325 -0.00786189
1.35 -0.00801097
1.375 -0.00816009
1.4 -0.00830926
1.425 -0.00845846
1.45 -0.00860772
1.475 -0.00875702
1.5 -0.00890636
1.525 -0.00905575
1.55 -0.00920519
1.575 -0.00935467
1.6 -0.00950421
1.625 -0.00965379
1.65 -0.00980343
1.675 -0.00995312
1.7 -0.0101029
1.725 -0.0102526
1.75 -0.0104025
1.775 -0.0105524
1.8 -0.0107024
1.825 -0.0108524
1.85 -0.0110024
1.875 -0.0111526
1.9 -0.0113027
1.925 -0.011453
1.95 -0.0116033
1.975 -0.0117537
2 -0.0119041
2.025 -0.0120546
2.05 -0.0122051
2.075 -0.0123558
2.1 -0.0125064
2.125 -0.0126572
2.15 -0.012808
2.175 -0.0129589
2.2 -0.0131099
2.225 -0.0132609
2.25 -0.013412
2.275 -0.0135631
2.3 -0.0137144
2.325 -0.0138657
2.35 -0.0140171
2.375 -0.0141685
2.4 -0.0143201
2.425 -0.0144717
2.45 -0.0146234
2.475 -0.0147751
2.5 -0.014927
2.525 -0.0150789
2.55 -0.0152309
2.575 -0.015383
2.6 -0.0155351
2.625 -0.0156874
2.65 -0.0158397
2.675 -0.0159921
2.7 -0.0161446
2.725 -0.0162972
2.75 -0.0164499
2.775 -0.0166027
2.8 -0.0167555
2.825 -0.0169085
2.85 -0.0170615
2.875 -0.0172146
2.9 -0.0173678
2.925 -0.0175212
2.95 -0.0176746
2.975 -0.0178281
3 -0.0179817
3.025 -0.0181354
3.05 -0.0182892
3.075 -0.018443
3.1 -0.018597
3.125 -0.0187511
3.15 -0.0189053
3.175 -0.0190596
3.2 -0.019214
3.225 -0.0193685
3.25 -0.0195231
3.275 -0.0196778
3.3 -0.0198326
3.325 -0.0199876
3.35 -0.0201426
3.375 -0.0202978
3.4 -0.020453
3.425 -0.0206084
3.45 -0.0207639
3.475 -0.0209195
3.5 -0.0210752
3.525 -0.021231
3.55 -0.0213869
3.575 -0.021543
3.6 -0.0216992
3.625 -0.0218555
3.65 -0.0220119
3.675 -0.0221684
3.7 -0.0223251
3.725 -0.0224818
3.75 -0.0226387
3.775 -0.0227958
3.8 -0.0229529
3.825 -0.0231102
3.85 -0.0232676
3.875 -0.0234251
3.9 -0.0235828
3.925 -0.0237406
3.95 -0.0238985
3.975 -0.0240566
4 -0.0242148
4.025 -0.0243731
4.05 -0.0245316
4.075 -0.0246902
4.1 -0.0248489
4.125 -0.0250078
4.15 -0.0251668
4.175 -0.025326
4.2 -0.0254853
4.225 -0.0256447
4.25 -0.0258043
4.275 -0.025964
4.3 -0.0261239
4.325 -0.0262839
4.35 -0.0264441
4.375 -0.0266044
4.4 -0.0267649
4.425 -0.0269255
4.45 -0.0270863
4.475 -0.0272472
4.5 -0.0274083
4.525 -0.0275695
4.55 -0.0277309
4.575 -0.0278925
4.6 -0.0280542
4.625 -0.0282161
4.65 -0.0283781
4.675 -0.0285403
4.7 -0.0287026
4.725 -0.0288652
4.75 -0.0290278
4.775 -0.0291907
4.8 -0.0293537
4.825 -0.0295169
4.85 -0.0296802
4.875 -0.0298438
4.9 -0.0300075
4.925 -0.0301713
4.95 -0.0303354
4.975 -0.0304996
5 -0.030664
5.025 -0.0308285
5.05 -0.0309933
5.075 -0.0311582
5.1 -0.0313233
5.125 -0.0314886
5.15 -0.0316541
5.175 -0.0318198
5.2 -0.0319856
5.225 -0.0321516
5.25 -0.0323179
5.275 -0.0324843
5.3 -0.0326509
5.325 -0.0328177
5.35 -0.0329846
5.375 -0.0331518
5.4 -0.0333192
5.425 -0.0334868
5.45 -0.0336545
5.475 -0.0338225
5.5 -0.0339907
5.525 -0.034159
5.55 -0.0343276
5.575 -0.0344964
5.6 -0.0346654
5.625 -0.0348345
5.65 -0.0350039
5.675 -0.0351735
5.7 -0.0353434
5.725 -0.0355134
5.75 -0.0356836
5.775 -0.0358541
5.8 -0.0360247
5.825 -0.0361956
5.85 -0.0363667
5.875 -0.036538
5.9 -0.0367096
5.925 -0.0368813
5.95 -0.0370533
5.975 -0.0372255
6 -0.037398
6.025 -0.0375707
6.05 -0.0377435
6.075 -0.0379167
6.1 -0.03809
6.125 -0.0382636
6.15 -0.0384374
6.175 -0.0386115
6.2 -0.0387858
6.225 -0.0389603
6.25 -0.0391351
6.275 -0.0393101
6.3 -0.0394854
6.325 -0.0396609
6.35 -0.0398366
6.375 -0.0400126
6.4 -0.0401889
6.425 -0.0403654
6.45 -0.0405421
6.475 -0.0407191
6.5 -0.0408964
6.525 -0.0410739
6.55 -0.0412516
6.575 -0.0414297
6.6 -0.041608
6.625 -0.0417865
6.65 -0.0419653
6.675 -0.0421444
6.7 -0.0423237
6.725 -0.0425034
6.75 -0.0426832
6.775 -0.0428634
6.8 -0.0430438
6.825 -0.0432245
6.85 -0.0434055
6.875 -0.0435867
6.9 -0.0437683
6.925 -0.0439501
6.95 -0.0441322
6.975 -0.0443146
7 -0.0444972
7.025 -0.0446802
7.05 -0.0448634
7.075 -0.045047
7.1 -0.0452308
7.125 -0.0454149
7.15 -0.0455993
7.175 -0.0457841
7.2 -0.0459691
7.225 -0.0461544
7.25 -0.04634
7.275 -0.0465259
7.3 -0.0467122
7.325 -0.0468987
7.35 -0.0470855
7.375 -0.0472727
7.4 -0.0474602
7.425 -0.0476479
7.45 -0.0478361
7.475 -0.0480245
7.5 -0.0482132
7.525 -0.0484023
7.55 -0.0485917
7.575 -0.0487814
7.6 -0.0489714
7.625 -0.0491618
7.65 -0.0493525
7.675 -0.0495435
7.7 -0.0497349
7.725 -0.0499266
7.75 -0.0501187
7.775 -0.0503111
7.8 -0.0505038
7.825 -0.0506969
7.85 -0.0508903
7.875 -0.0510841
7.9 -0.0512782
7.925 -0.0514727
7.95 -0.0516675
7.975 -0.0518627
8 -0.0520583
8.025 -0.0522542
8.05 -0.0524504
8.075 -0.0526471
8.1 -0.0528441
8.125 -0.0530415
8.15 -0.0532392
8.175 -0.0534373
8.2 -0.0536358
8.225 -0.0538347
8.25 -0.054034
8.275 -0.0542336
8.3 -0.0544336
8.325 -0.054634
8.35 -0.0548348
8.375 -0.055036
8.4 -0.0552376
8.425 -0.0554396
8.45 -0.055642
8.475 -0.0558448
8.5 -0.0560479
8.525 -0.0562515
8.55 -0.0564555
8.575 -0.0566599
8.6 -0.0568647
8.625 -0.05707
8.65 -0.0572756
8.675 -0.0574817
8.7 -0.0576882
8.725 -0.0578951
8.75 -0.0581024
8.775 -0.0583102
8.8 -0.0585184
8.825 -0.058727
8.85 -0.0589361
8.875 -0.0591456
8.9 -0.0593555
8.925 -0.0595659
8.95 -0.0597768
8.975 -0.059988
9 -0.0601998
9.025 -0.060412
9.05 -0.0606246
9.075 -0.0608377
9.1 -0.0610513
9.125 -0.0612653
9.15 -0.0614798
9.175 -0.0616948
9.2 -0.0619103
9.225 -0.0621262
9.25 -0.0623426
9.275 -0.0625595
9.3 -0.0627768
9.325 -0.0629947
9.35 -0.063213
9.375 -0.0634319
9.4 -0.0636512
9.425 -0.063871
9.45 -0.0640914
9.475 -0.0643122
9.5 -0.0645336
9.525 -0.0647554
9.55 -0.0649778
9.575 -0.0652007
9.6 -0.0654241
9.625 -0.065648
9.65 -0.0658724
9.675 -0.0660974
9.7 -0.0663229
9.725 -0.066549
9.75 -0.0667756
9.775 -0.0670027
9.8 -0.0672304
9.825 -0.0674586
9.85 -0.0676874
9.875 -0.0679167
9.9 -0.0681466
9.925 -0.068377
9.95 -0.068608
9.975 -0.0688396
10 -0.0690718
10.025 -0.0693045
10.05 -0.0695378
10.075 -0.0697717
10.1 -0.0700061
10.125 -0.0702412
10.15 -0.0704768
10.175 -0.0707131
10.2 -0.0709499
10.225 -0.0711874
10.25 -0.0714254
10.275 -0.0716641
10.3 -0.0719033
10.325 -0.0721432
10.35 -0.0723838
10.375 -0.0726249
10.4 -0.0728667
10.425 -0.0731091
10.45 -0.0733521
10.475 -0.0735958
10.5 -0.0738401
10.525 -0.0740851
10.55 -0.0743307
10.575 -0.074577
10.6 -0.074824
10.625 -0.0750716
10.65 -0.0753198
10.675 -0.0755688
10.7 -0.0758184
10.725 -0.0760687
10.75 -0.0763197
10.775 -0.0765714
10.8 -0.0768238
10.825 -0.0770769
10.85 -0.0773307
10.875 -0.0775851
10.9 -0.0778403
10.925 -0.0780963
10.95 -0.0783529
10.975 -0.0786103
11 -0.0788684
11.025 -0.0791272
11.05 -0.0793868
11.075 -0.0796471
11.1 -0.0799081
11.125 -0.0801699
11.15 -0.0804325
11.175 -0.0806959
11.2 -0.08096
11.225 -0.0812248
11.25 -0.0814905
11.275 -0.0817569
11.3 -0.0820242
11.325 -0.0822922
11.35 -0.082561
11.375 -0.0828306
11.4 -0.0831011
11.425 -0.0833723
11.45 -0.0836444
11.475 -0.0839173
11.5 -0.084191
11.525 -0.0844655
11.55 -0.0847409
11.575 -0.0850172
11.6 -0.0852943
11.625 -0.0855722
11.65 -0.085851
11.675 -0.0861307
11.7 -0.0864113
11.725 -0.0866927
11.75 -0.0869751
11.775 -0.0872583
11.8 -0.0875424
11.825 -0.0878274
11.85 -0.0881134
11.875 -0.0884002
11.9 -0.088688
11.925 -0.0889767
11.95 -0.0892663
11.975 -0.0895569
12 -0.0898484
12.025 -0.0901409
12.05 -0.0904343
12.075 -0.0907288
12.1 -0.0910241
12.125 -0.0913205
12.15 -0.0916179
12.175 -0.0919162
12.2 -0.0922156
12.225 -0.0925159
12.25 -0.0928173
12.275 -0.0931197
12.3 -0.0934231
12.325 -0.0937276
12.35 -0.0940331
12.375 -0.0943397
12.4 -0.0946473
12.425 -0.094956
12.45 -0.0952657
12.475 -0.0955766
12.5 -0.0958885
12.525 -0.0962015
12.55 -0.0965156
12.575 -0.0968309
12.6 -0.0971473
12.625 -0.0974647
12.65 -0.0977834
12.675 -0.0981031
12.7 -0.0984241
12.725 -0.0987462
12.75 -0.0990694
12.775 -0.0993939
12.8 -0.0997195
12.825 -0.100046
12.85 -0.100374
12.875 -0.100704
12.9 -0.101034
12.925 -0.101366
12.95 -0.101699
12.975 -0.102033
13 -0.102368
13.025 -0.102705
13.05 -0.103043
13.075 -0.103382
13.1 -0.103723
13.125 -0.104065
13.15 -0.104408
13.175 -0.104752
13.2 -0.105098
13.225 -0.105446
13.25 -0.105794
13.275 -0.106144
13.3 -0.106495
13.325 -0.106848
13.35 -0.107202
13.375 -0.107558
13.4 -0.107915
13.425 -0.108273
13.45 -0.108633
13.475 -0.108994
13.5 -0.109357
13.525 -0.109721
13.55 -0.110087
13.575 -0.110454
13.6 -0.110823
13.625 -0.111193
13.65 -0.111565
13.675 -0.111938
13.7 -0.112313
13.725 -0.112689
13.75 -0.113068
13.775 -0.113447
13.8 -0.113828
13.825 -0.114211
13.85 -0.114596
13.875 -0.114982
13.9 -0.11537
13.925 -0.11576
13.95 -0.116151
13.975 -0.116544
14 -0.116939
14.025 -0.117335
14.05 -0.117733
14.075 -0.118133
14.1 -0.118535
14.125 -0.118939
14.15 -0.119344
14.175 -0.119751
14.2 -0.12016
14.225 -0.120571
14.25 -0.120984
14.275 -0.121399
14.3 -0.121815
14.325 -0.122234
14.35 -0.122654
14.375 -0.123077
14.4 -0.123501
14.425 -0.123928
14.45 -0.124356
14.475 -0.124786
14.5 -0.125219
14.525 -0.125654
14.55 -0.12609
14.575 -0.126529
14.6 -0.12697
14.625 -0.127413
14.65 -0.127858
14.675 -0.128306
14.7 -0.128756
14.725 -0.129208
14.75 -0.129662
14.775 -0.130118
14.8 -0.130577
14.825 -0.131038
14.85 -0.131501
14.875 -0.131967
14.9 -0.132435
14.925 -0.132906
14.95 -0.133379
14.975 -0.133854
15 -0.134332
15.025 -0.134813
15.05 -0.135296
15.075 -0.135781
15.1 -0.136269
15.125 -0.13676
15.15 -0.137253
15.175 -0.137749
15.2 -0.138248
15.225 -0.138749
15.25 -0.139254
15.275 -0.13976
15.3 -0.14027
15.325 -0.140783
15.35 -0.141298
15.375 -0.141817
15.4 -0.142338
15.425 -0.142862
15.45 -0.143389
15.475 -0.14392
15.5 -0.144453
15.525 -0.144989
15.55 -0.145529
15.575 -0.146072
15.6 -0.146617
15.625 -0.147166
15.65 -0.147719
15.675 -0.148275
15.7 -0.148834
15.725 -0.149396
15.75 -0.149962
15.775 -0.150531
15.8 -0.151104
15.825 -0.15168
15.85 -0.15226
15.875 -0.152844
15.9 -0.153431
15.925 -0.154022
15.95 -0.154616
15.975 -0.155215
16 -0.155817
16.025 -0.156423
16.05 -0.157034
16.075 -0.157648
16.1 -0.158266
16.125 -0.158888
16.15 -0.159515
16.175 -0.160145
16.2 -0.16078
16.225 -0.16142
16.25 -0.162063
16.275 -0.162711
16.3 -0.163364
16.325 -0.164021
16.35 -0.164683
16.375 -0.165349
16.4 -0.16602
16.425 -0.166696
16.45 -0.167376
16.475 -0.168062
16.5 -0.168753
16.525 -0.169448
16.55 -0.170149
16.575 -0.170855
16.6 -0.171566
16.625 -0.172283
16.65 -0.173005
16.675 -0.173732
16.7 -0.174465
16.725 -0.175204
16.75 -0.175948
16.775 -0.176699
16.8 -0.177455
16.825 -0.178217
16.85 -0.178985
16.875 -0.17976
16.9 -0.18054
16.925 -0.181327
16.95 -0.182121
16.975 -0.182921
17 -0.183727
17.025 -0.18454
17.05 -0.185361
17.075 -0.186188
17.1 -0.187022
17.125 -0.187863
17.15 -0.188712
17.175 -0.189567
17.2 -0.190431
17.225 -0.191302
17.25 -0.19218
17.275 -0.193067
17.3 -0.193961
17.325 -0.194864
17.35 -0.195775
17.375 -0.196694
17.4 -0.197621
17.425 -0.198557
17.45 -0.199502
17.475 -0.200456
17.5 -0.201419
17.525 -0.202391
17.55 -0.203372
17.575 -0.204362
17.6 -0.205363
17.625 -0.206372
17.65 -0.207392
17.675 -0.208422
17.7 -0.209462
17.725 -0.210513
17.75 -0.211574
17.775 -0.212645
17.8 -0.213728
17.825 -0.214822
17.85 -0.215927
17.875 -0.217043
17.9 -0.218171
17.925 -0.21931
17.95 -0.220462
17.975 -0.221625
18 -0.222801
18.025 -0.22399
18.05 -0.225191
18.075 -0.226405
18.1 -0.227633
18.125 -0.228873
18.15 -0.230127
18.175 -0.231395
18.2 -0.232677
18.225 -0.233973
18.25 -0.235283
18.275 -0.236608
18.3 -0.237948
18.325 -0.239303
18.35 -0.240673
18.375 -0.242059
18.4 -0.24346
18.425 -0.244877
18.45 -0.246311
18.475 -0.247761
18.5 -0.249228
18.525 -0.250711
18.55 -0.252212
18.575 -0.25373
18.6 -0.255266
18.625 -0.256819
18.65 -0.258391
18.675 -0.259982
18.7 -0.26159
18.725 -0.263218
18.75 -0.264865
18.775 -0.266532
18.8 -0.268218
18.825 -0.269924
18.85 -0.27165
18.875 -0.273397
18.9 -0.275165
18.925 -0.276953
18.95 -0.278763
18.975 -0.280594
19 -0.282447
19.025 -0.284322
19.05 -0.28622
19.075 -0.288139
19.1 -0.290082
19.125 -0.292048
19.15 -0.294037
19.175 -0.29605
19.2 -0.298086
19.225 -0.300147
19.25 -0.302232
19.275 -0.304341
19.3 -0.306475
19.325 -0.308635
19.35 -0.310819
19.375 -0.313029
19.4 -0.315265
19.425 -0.317527
19.45 -0.319815
19.475 -0.32213
19.5 -0.324471
19.525 -0.326838
19.55 -0.329233
19.575 -0.331655
19.6 -0.334105
19.625 -0.336582
19.65 -0.339087
19.675 -0.34162
19.7 -0.34418
19.725 -0.34677
19.75 -0.349387
19.775 -0.352033
19.8 -0.354707
19.825 -0.357411
19.85 -0.360143
19.875 -0.362904
19.9 -0.365694
19.925 -0.368513
19.95 -0.371362
19.975 -0.37424
20 -0.377146
20.025 -0.380083
20.05 -0.383048
20.075 -0.386043
20.1 -0.389067
20.125 -0.39212
20.15 -0.395202
20.175 -0.398314
20.2 -0.401454
20.225 -0.404624
20.25 -0.407822
20.275 -0.411049
20.3 -0.414305
20.325 -0.417589
20.35 -0.420901
20.375 -0.424242
20.4 -0.42761
20.425 -0.431006
20.45 -0.434429
20.475 -0.437879
20.5 -0.441355
20.525 -0.444859
20.55 -0.448388
20.575 -0.451943
20.6 -0.455523
20.625 -0.459129
20.65 -0.462758
20.675 -0.466412
20.7 -0.470089
20.725 -0.47379
20.75 -0.477513
20.775 -0.481257
20.8 -0.485024
20.825 -0.48881
20.85 -0.492617
20.875 -0.496444
20.9 -0.500289
20.925 -0.504153
20.95 -0.508033
20.975 -0.511931
21 -0.515844
21.025 -0.519772
21.05 -0.523714
21.075 -0.527669
21.1 -0.531637
21.125 -0.535616
21.15 -0.539605
21.175 -0.543604
21.2 -0.547611
21.225 -0.551626
21.25 -0.555647
21.275 -0.559673
21.3 -0.563703
21.325 -0.567736
21.35 -0.571771
21.375 -0.575806
21.4 -0.57984
21.425 -0.583872
21.45 -0.587901
21.475 -0.591926
21.5 -0.595944
21.525 -0.599954
21.55 -0.603956
21.575 -0.607948
21.6 -0.611928
21.625 -0.615894
21.65 -0.619846
21.675 -0.623781
21.7 -0.627699
21.725 -0.631597
21.75 -0.635474
21.775 -0.639328
21.8 -0.643157
21.825 -0.646961
21.85 -0.650737
21.875 -0.654483
21.9 -0.658197
21.925 -0.661879
21.95 -0.665526
21.975 -0.669136
22 -0.672708
22.025 -0.676239
22.05 -0.679728
22.075 -0.683173
22.1 -0.686572
22.125 -0.689923
22.15 -0.693225
22.175 -0.696474
22.2 -0.69967
22.225 -0.702811
22.25 -0.705893
22.275 -0.708917
22.3 -0.711879
22.325 -0.714777
22.35 -0.71761
22.375 -0.720376
22.4 -0.723072
22.425 -0.725697
22.45 -0.728249
22.475 -0.730725
22.5 -0.733124
22.525 -0.735444
22.55 -0.737683
22.575 -0.739839
22.6 -0.741909
22.625 -0.743893
22.65 -0.745787
22.675 -0.747591
22.7 -0.749303
22.725 -0.750919
22.75 -0.75244
22.775 -0.753861
22.8 -0.755183
22.825 -0.756403
22.85 -0.75752
22.875 -0.758531
22.9 -0.759435
22.925 -0.76023
22.95 -0.760915
22.975 -0.761487
23 -0.761946
23.025 -0.76229
23.05 -0.762517
23.075 -0.762626
23.1 -0.762614
23.125 -0.762482
23.15 -0.762227
23.175 -0.761848
23.2 -0.761345
23.225 -0.760714
23.25 -0.759956
23.275 -0.759069
23.3 -0.758053
23.325 -0.756905
23.35 -0.755625
23.375 -0.754213
23.4 -0.752666
23.425 -0.750985
23.45 -0.749168
23.475 -0.747215
23.5 -0.745125
23.525 -0.742898
23.55 -0.740532
23.575 -0.738028
23.6 -0.735384
23.625 -0.732601
23.65 -0.729679
23.675 -0.726616
23.7 -0.723413
23.725 -0.720069
23.75 -0.716585
23.775 -0.712961
23.8 -0.709196
23.825 -0.705291
23.85 -0.701245
23.875 -0.69706
23.9 -0.692736
23.925 -0.688272
23.95 -0.683669
23.975 -0.678929
24 -0.674051
24.025 -0.669036
24.05 -0.663885
24.075 -0.658598
24.1 -0.653178
24.125 -0.647623
24.15 -0.641937
24.175 -0.636119
24.2 -0.63017
24.225 -0.624093
24.25 -0.617888
24.275 -0.611557
24.3 -0.6051
24.325 -0.59852
24.35 -0.591819
24.375 -0.584996
24.4 -0.578056
24.425 -0.570998
24.45 -0.563825
24.475 -0.556539
24.5 -0.549141
24.525 -0.541634
24.55 -0.53402
24.575 -0.526301
24.6 -0.518478
24.625 -0.510554
24.65 -0.502532
24.675 -0.494413
24.7 -0.486201
24.725 -0.477896
24.75 -0.469503
24.775 -0.461023
24.8 -0.452458
24.825 -0.443812
24.85 -0.435087
24.875 -0.426286
24.9 -0.417411
24.925 -0.408466
24.95 -0.399452
24.975 -0.390373
25 -0.381232
25.025 -0.372031
25.05 -0.362773
25.075 -0.353462
25.1 -0.3441
25.125 -0.33469
25.15 -0.325235
25.175 -0.315738
25.2 -0.306202
25.225 -0.296631
25.25 -0.287027
25.275 -0.277393
25.3 -0.267733
25.325 -0.258049
25.35 -0.248345
25.375 -0.238623
25.4 -0.228888
25.425 -0.219141
25.45 -0.209386
25.475 -0.199626
25.5 -0.189864
25.525 -0.180103
25.55 -0.170346
25.575 -0.160597
25.6 -0.150858
25.625 -0.141132
25.65 -0.131422
25.675 -0.121732
25.7 -0.112064
25.725 -0.102421
25.75 -0.0928061
25.775 -0.0832222
25.8 -0.0736722
25.825 -0.0641588
25.85 -0.0546848
25.875 -0.045253
25.9 -0.0358661
25.925 -0.0265268
25.95 -0.0172378
25.975 -0.00800174
26 0.00117892
26.025 0.0103016
26.05 0.0193638
26.075 0.028363
26.1 0.0372969
26.125 0.0461632
26.15 0.0549594
26.175 0.0636834
26.2 0.0723329
26.225 0.0809058
26.25 0.0894
26.275 0.0978134
26.3 0.106144
26.325 0.11439
26.35 0.122549
26.375 0.13062
26.4 0.138601
26.425 0.146489
26.45 0.154285
26.475 0.161985
26.5 0.169588
26.525 0.177093
26.55 0.184498
26.575 0.191802
26.6 0.199004
26.625 0.206102
26.65 0.213096
26.675 0.219984
26.7 0.226764
26.725 0.233437
26.75 0.240001
26.775 0.246455
26.8 0.252799
26.825 0.259031
26.85 0.265152
26.875 0.271159
26.9 0.277054
26.925 0.282834
26.95 0.2885
26.975 0.294052
27 0.299489
27.025 0.30481
27.05 0.310016
27.075 0.315107
27.1 0.320081
27.125 0.32494
27.15 0.329683
27.175 0.33431
27.2 0.338822
27.225 0.343218
27.25 0.347498
27.275 0.351664
27.3 0.355715
27.325 0.359651
27.35 0.363474
27.375 0.367182
27.4 0.370778
27.425 0.374262
27.45 0.377633
27.475 0.380893
27.5 0.384043
27.525 0.387083
27.55 0.390013
27.575 0.392836
27.6 0.39555
27.625 0.398158
27.65 0.400661
27.675 0.403058
27.7 0.405352
27.725 0.407543
27.75 0.409632
27.775 0.41162
27.8 0.413509
27.825 0.415299
27.85 0.416992
27.875 0.418589
27.9 0.420091
27.925 0.421499
27.95 0.422814
27.975 0.424038
28 0.425172
28.025 0.426218
28.05 0.427176
28.075 0.428048
28.1 0.428835
28.125 0.429539
28.15 0.430161
28.175 0.430702
28.2 0.431164
28.225 0.431548
28.25 0.431856
28.275 0.432089
28.3 0.432249
28.325 0.432336
28.35 0.432353
28.375 0.4323
28.4 0.43218
28.425 0.431993
28.45 0.431742
28.475 0.431427
28.5 0.431049
28.525 0.430612
28.55 0.430115
28.575 0.42956
28.6 0.42895
28.625 0.428284
28.65 0.427565
28.675 0.426793
28.7 0.425972
28.725 0.4251
28.75 0.424181
28.775 0.423216
28.8 0.422205
28.825 0.421151
28.85 0.420054
28.875 0.418916
28.9 0.417738
28.925 0.416522
28.95 0.415269
28.975 0.413979
29 0.412655
29.025 0.411298
29.05 0.409908
29.075 0.408488
29.1 0.407037
29.125 0.405558
29.15 0.404052
29.175 0.402519
29.2 0.400962
29.225 0.39938
29.25 0.397775
29.275 0.396148
29.3 0.394501
29.325 0.392834
29.35 0.391148
29.375 0.389444
29.4 0.387724
29.425 0.385988
29.45 0.384237
29.475 0.382472
29.5 0.380694
29.525 0.378904
29.55 0.377103
29.575 0.375292
29.6 0.373471
29.625 0.371641
29.65 0.369803
29.675 0.367959
29.7 0.366108
29.725 0.364251
29.75 0.362389
29.775 0.360523
29.8 0.358654
29.825 0.356781
29.85 0.354907
29.875 0.35303
29.9 0.351153
29.925 0.349276
29.95 0.347398
29.975 0.345522
30 0.343646
30.025 0.341772
30.05 0.339901
30.075 0.338033
30.1 0.336167
30.125 0.334306
30.15 0.332448
30.175 0.330595
30.2 0.328748
30.225 0.326905
30.25 0.325068
30.275 0.323238
30.3 0.321414
30.325 0.319596
30.35 0.317786
30.375 0.315983
30.4 0.314188
30.425 0.312401
30.45 0.310623
30.475 0.308852
30.5 0.307091
30.525 0.305338
30.55 0.303595
30.575 0.301861
30.6 0.300137
30.625 0.298423
30.65 0.296718
30.675 0.295024
30.7 0.29334
30.725 0.291666
30.75 0.290003
30.775 0.288351
30.8 0.28671
30.825 0.285079
30.85 0.283459
30.875 0.281851
30.9 0.280253
30.925 0.278667
30.95 0.277092
30.975 0.275529
31 0.273977
31.025 0.272436
31.05 0.270907
31.075 0.269389
31.1 0.267883
31.125 0.266389
31.15 0.264906
31.175 0.263434
31.2 0.261974
31.225 0.260526
31.25 0.259089
31.275 0.257664
31.3 0.25625
31.325 0.254848
31.35 0.253457
31.375 0.252077
31.4 0.250709
31.425 0.249352
31.45 0.248007
31.475 0.246673
31.5 0.24535
31.525 0.244038
31.55 0.242737
31.575 0.241447
31.6 0.240168
31.625 0.2389
31.65 0.237643
31.675 0.236396
31.7 0.23516
31.725 0.233935
31.75 0.23272
31.775 0.231516
31.8 0.230322
31.825 0.229138
31.85 0.227965
31.875 0.226802
31.9 0.225648
31.925 0.224505
31.95 0.223371
31.975 0.222248
32 0.221134
32.025 0.220029
32.05 0.218934
32.075 0.217849
32.1 0.216772
32.125 0.215705
32.15 0.214647
32.175 0.213598
32.2 0.212559
32.225 0.211528
32.25 0.210505
32.275 0.209492
32.3 0.208487
32.325 0.20749
32.35 0.206502
32.375 0.205522
32.4 0.204551
32.425 0.203587
32.45 0.202632
32.475 0.201684
32.5 0.200745
32.525 0.199813
32.55 0.198889
32.575 0.197972
32.6 0.197063
32.625 0.196162
32.65 0.195267
32.675 0.19438
32.7 0.193501
32.725 0.192628
32.75 0.191762
32.775 0.190903
32.8 0.190051
32.825 0.189206
32.85 0.188367
32.875 0.187535
32.9 0.18671
32.925 0.185891
32.95 0.185078
32.975 0.184272
33 0.183471
33.025 0.182677
33.05 0.181889
33.075 0.181107
33.1 0.180331
33.125 0.179561
33.15 0.178796
33.175 0.178037
33.2 0.177284
33.225 0.176537
33.25 0.175795
33.275 0.175058
33.3 0.174327
33.325 0.173601
33.35 0.17288
33.375 0.172164
33.4 0.171454
33.425 0.170748
33.45 0.170048
33.475 0.169352
33.5 0.168661
33.525 0.167976
33.55 0.167294
33.575 0.166618
33.6 0.165946
33.625 0.165279
33.65 0.164616
33.675 0.163958
33.7 0.163304
33.725 0.162655
33.75 0.16201
33.775 0.161369
33.8 0.160733
33.825 0.1601
33.85 0.159472
33.875 0.158848
33.9 0.158228
33.925 0.157612
33.95 0.156999
33.975 0.156391
34 0.155787
34.025 0.155186
34.05 0.154589
34.075 0.153996
34.1 0.153406
34.125 0.152821
34.15 0.152238
34.175 0.15166
34.2 0.151084
34.225 0.150513
34.25 0.149945
34.275 0.14938
34.3 0.148818
34.325 0.14826
34.35 0.147705
34.375 0.147154
34.4 0.146605
34.425 0.14606
34.45 0.145518
34.475 0.144979
34.5 0.144443
34.525 0.143911
34.55 0.143381
34.575 0.142854
34.6 0.14233
34.625 0.14181
34.65 0.141292
34.675 0.140777
34.7 0.140264
34.725 0.139755
34.75 0.139248
34.775 0.138744
34.8 0.138243
34.825 0.137745
34.85 0.137249
34.875 0.136756
34.9 0.136265
34.925 0.135778
34.95 0.135292
34.975 0.13481
35 0.134329
35.025 0.133852
35.05 0.133376
35.075 0.132903
35.1 0.132433
35.125 0.131965
35.15 0.131499
35.175 0.131036
35.2 0.130575
35.225 0.130117
35.25 0.12966
35.275 0.129206
35.3 0.128754
35.325 0.128305
35.35 0.127857
35.375 0.127412
35.4 0.126969
35.425 0.126528
35.45 0.126089
35.475 0.125653
35.5 0.125218
35.525 0.124786
35.55 0.124355
35.575 0.123927
35.6 0.123501
35.625 0.123076
35.65 0.122654
35.675 0.122233
35.7 0.121815
35.725 0.121398
35.75 0.120983
35.775 0.120571
35.8 0.12016
35.825 0.119751
35.85 0.119344
35.875 0.118938
35.9 0.118535
35.925 0.118133
35.95 0.117733
35.975 0.117335
36 0.116938
36.025 0.116544
36.05 0.116151
36.075 0.115759
36.1 0.11537
36.125 0.114982
36.15 0.114596
36.175 0.114211
36.2 0.113828
36.225 0.113447
36.25 0.113067
36.275 0.112689
36.3 0.112313
36.325 0.111938
36.35 0.111565
36.375 0.111193
36.4 0.110823
36.425 0.110454
36.45 0.110087
36.475 0.109721
36.5 0.109357
36.525 0.108994
36.55 0.108633
36.575 0.108273
36.6 0.107915
36.625 0.107558
36.65 0.107202
36.675 0.106848
36.7 0.106495
36.725 0.106144
36.75 0.105794
36.775 0.105445
36.8 0.105098
36.825 0.104752
36.85 0.104408
36.875 0.104065
36.9 0.103723
36.925 0.103382
36.95 0.103043
36.975 0.102705
37 0.102368
37.025 0.102033
37.05 0.101699
37.075 0.101366
37.1 0.101034
37.125 0.100704
37.15 0.100374
37.175 0.100046
37.2 0.0997195
37.225 0.0993939
37.25 0.0990694
37.275 0.0987462
37.3 0.0984241
37.325 0.0981031
37.35 0.0977834
37.375 0.0974647
37.4 0.0971473
37.425 0.0968309
37.45 0.0965156
37.475 0.0962015
37.5 0.0958885
37.525 0.0955766
37.55 0.0952657
37.575 0.094956
37.6 0.0946473
37.625 0.0943397
37.65 0.0940331
37.675 0.0937276
37.7 0.0934231
37.725 0.0931197
37.75 0.0928173
37.775 0.0925159
37.8 0.0922156
37.825 0.0919162
37.85 0.0916179
37.875 0.0913205
37.9 0.0910241
37.925 0.0907288
37.95 0.0904343
37.975 0.0901409
38 0.0898484
38.025 0.0895569
38.05 0.0892663
38.075 0.0889767
38.1 0.088688
38.125 0.0884002
38.15 0.0881134
38.175 0.0878274
38.2 0.0875424
38.225 0.0872583
38.25 0.0869751
38.275 0.0866927
38.3 0.0864113
38.325 0.0861307
38.35 0.085851
38.375 0.0855722
38.4 0.0852943
38.425 0.0850172
38.45 0.0847409
38.475 0.0844655
38.5 0.084191
38.525 0.0839173
38.55 0.0836444
38.575 0.0833723
38.6 0.0831011
38.625 0.0828306
38.65 0.082561
38.675 0.0822922
38.7 0.0820242
38.725 0.0817569
38.75 0.0814905
38.775 0.0812248
38.8 0.08096
38.825 0.0806959
38.85 0.0804325
38.875 0.0801699
38.9 0.0799081
38.925 0.0796471
38.95 0.0793868
38.975 0.0791272
39 0.0788684
39.025 0.0786103
39.05 0.0783529
39.075 0.0780963
39.1 0.0778403
39.125 0.0775851
39.15 0.0773307
39.175 0.0770769
39.2 0.0768238
39.225 0.0765714
39.25 0.0763197
39.275 0.0760687
39.3 0.0758184
39.325 0.0755688
39.35 0.0753198
39.375 0.0750716
39.4 0.074824
39.425 0.074577
39.45 0.0743307
39.475 0.0740851
39.5 0.0738401
39.525 0.0735958
39.55 0.0733521
39.575 0.0731091
39.6 0.0728667
39.625 0.0726249
39.65 0.0723838
39.675 0.0721432
39.7 0.0719033
39.725 0.0716641
39.75 0.0714254
39.775 0.0711874
39.8 0.0709499
39.825 0.0707131
39.85 0.0704768
39.875 0.0702412
39.9 0.0700061
39.925 0.0697717
39.95 0.0695378
39.975 0.0693045
40 0.0690718
40.025 0.0688396
40.05 0.068608
40.075 0.068377
40.1 0.0681466
40.125 0.0679167
40.15 0.0676874
40.175 0.0674586
40.2 0.0672304
40.225 0.0670027
40.25 0.0667756
40.275 0.066549
40.3 0.0663229
40.325 0.0660974
40.35 0.0658724
40.375 0.065648
40.4 0.0654241
40.425 0.0652007
40.45 0.0649778
40.475 0.0647554
40.5 0.0645336
40.525 0.0643122
40.55 0.0640914
40.575 0.063871
40.6 0.0636512
40.625 0.0634319
40.65 0.063213
40.675 0.0629947
40.7 0.0627768
40.725 0.0625595
40.75 0.0623426
40.775 0.0621262
40.8 0.0619103
40.825 0.0616948
40.85 0.0614798
40.875 0.0612653
40.9 0.0610513
40.925 0.0608377
40.95 0.0606246
40.975 0.060412
41 0.0601998
41.025 0.059988
41.05 0.0597768
41.075 0.0595659
41.1 0.0593555
41.125 0.0591456
41.15 0.0589361
41.175 0.058727
41.2 0.0585184
41.225 0.0583102
41.25 0.0581024
41.275 0.0578951
41.3 0.0576882
41.325 0.0574817
41.35 0.0572756
41.375 0.05707
41.4 0.0568647
41.425 0.0566599
41.45 0.0564555
41.475 0.0562515
41.5 0.0560479
41.525 0.0558448
41.55 0.055642
41.575 0.0554396
41.6 0.0552376
41.625 0.055036
41.65 0.0548348
41.675 0.054634
41.7 0.0544336
41.725 0.0542336
41.75 0.054034
41.775 0.0538347
41.8 0.0536358
41.825 0.0534373
41.85 0.0532392
41.875 0.0530415
41.9 0.0528441
41.925 0.0526471
41.95 0.0524504
41.975 0.0522542
42 0.0520583
42.025 0.0518627
42.05 0.0516675
42.075 0.0514727
42.1 0.0512782
42.125 0.0510841
42.15 0.0508903
42.175 0.0506969
42.2 0.0505038
42.225 0.0503111
42.25 0.0501187
42.275 0.0499266
42.3 0.0497349
42.325 0.0495435
42.35 0.0493525
42.375 0.0491618
42.4 0.0489714
42.425 0.0487814
42.45 0.0485917
42.475 0.0484023
42.5 0.0482132
42.525 0.0480245
42.55 0.0478361
42.575 0.0476479
42.6 0.0474602
42.625 0.0472727
42.65 0.0470855
42.675 0.0468987
42.7 0.0467122
42.725 0.0465259
42.75 0.04634
42.775 0.0461544
42.8 0.0459691
42.825 0.0457841
42.85 0.0455993
42.875 0.0454149
42.9 0.0452308
42.925 0.045047
42.95 0.0448634
42.975 0.0446802
43 0.0444972
43.025 0.0443146
43.05 0.0441322
43.075 0.0439501
43.1 0.0437683
43.125 0.0435867
43.15 0.0434055
43.175 0.0432245
43.2 0.0430438
43.225 0.0428634
43.25 0.0426832
43.275 0.0425034
43.3 0.0423237
43.325 0.0421444
43.35 0.0419653
43.375 0.0417865
43.4 0.041608
43.425 0.0414297
43.45 0.0412516
43.475 0.0410739
43.5 0.0408964
43.525 0.0407191
43.55 0.0405421
43.575 0.0403654
43.6 0.0401889
43.625 0.0400126
43.65 0.0398366
43.675 0.0396609
43.7 0.0394854
43.725 0.0393101
43.75 0.0391351
43.775 0.0389603
43.8 0.0387858
43.825 0.0386115
43.85 0.0384374
43.875 0.0382636
43.9 0.03809
43.925 0.0379167
43.95 0.0377435
43.975 0.0375707
44 0.037398
44.025 0.0372255
44.05 0.0370533
44.075 0.0368813
44.1 0.0367096
44.125 0.036538
44.15 0.0363667
44.175 0.0361956
44.2 0.0360247
44.225 0.0358541
44.25 0.0356836
44.275 0.0355134
44.3 0.0353434
44.325 0.0351735
44.35 0.0350039
44.375 0.0348345
44.4 0.0346654
44.425 0.0344964
44.45 0.0343276
44.475 0.034159
44.5 0.0339907
44.525 0.0338225
44.55 0.0336545
44.575 0.0334868
44.6 0.0333192
44.625 0.0331518
44.65 0.0329846
44.675 0.0328177
44.7 0.0326509
44.725 0.0324843
44.75 0.0323179
44.775 0.0321516
44.8 0.0319856
44.825 0.0318198
44.85 0.0316541
44.875 0.0314886
44.9 0.0313233
44.925 0.0311582
44.95 0.0309933
44.975 0.0308285
45 0.030664
45.025 0.0304996
45.05 0.0303354
45.075 0.0301713
45.1 0.0300075
45.125 0.0298438
45.15 0.0296802
45.175 0.0295169
45.2 0.0293537
45.225 0.0291907
45.25 0.0290278
45.275 0.0288652
45.3 0.0287026
45.325 0.0285403
45.35 0.0283781
45.375 0.0282161
45.4 0.0280542
45.425 0.0278925
45.45 0.0277309
45.475 0.0275695
45.5 0.0274083
45.525 0.0272472
45.55 0.0270863
45.575 0.0269255
45.6 0.0267649
45.625 0.0266044
45.65 0.0264441
45.675 0.0262839
45.7 0.0261239
45.725 0.025964
45.75 0.0258043
45.775 0.0256447
45.8 0.0254853
45.825 0.025326
45.85 0.0251668
45.875 0.0250078
45.9 0.0248489
45.925 0.0246902
45.95 0.0245316
45.975 0.0243731
46 0.0242148
46.025 0.0240566
46.05 0.0238985
46.075 0.0237406
46.1 0.0235828
46.125 0.0234251
46.15 0.0232676
46.175 0.0231102
46.2 0.0229529
46.225 0.0227958
46.25 0.0226387
46.275 0.0224818
46.3 0.0223251
46.325 0.0221684
46.35 0.0220119
46.375 0.0218555
46.4 0.0216992
46.425 0.021543
46.45 0.0213869
46.475 0.021231
46.5 0.0210752
46.525 0.0209195
46.55 0.0207639
46.575 0.0206084
46.6 0.020453
46.625 0.0202978
46.65 0.0201426
46.675 0.0199876
46.7 0.0198326
46.725 0.0196778
46.75 0.0195231
46.775 0.0193685
46.8 0.019214
46.825 0.0190596
46.85 0.0189053
46.875 0.0187511
46.9 0.018597
46.925 0.018443
46.95 0.0182892
46.975 0.0181354
47 0.0179817
47.025 0.0178281
47.05 0.0176746
47.075 0.0175212
47.1 0.0173678
47.125 0.0172146
47.15 0.0170615
47.175 0.0169085
47.2 0.0167555
47.225 0.0166027
47.25 0.0164499
47.275 0.0162972
47.3 0.0161446
47.325 0.0159921
47.35 0.0158397
47.375 0.0156874
47.4 0.0155351
47.425 0.015383
47.45 0.0152309
47.475 0.0150789
47.5 0.014927
47.525 0.0147751
47.55 0.0146234
47.575 0.0144717
47.6 0.0143201
47.625 0.0141685
47.65 0.0140171
47.675 0.0138657
47.7 0.0137144
47.725 0.0135631
47.75 0.013412
47.775 0.0132609
47.8 0.0131099
47.825 0.0129589
47.85 0.012808
47.875 0.0126572
47.9 0.0125064
47.925 0.0123558
47.95 0.0122051
47.975 0.0120546
48 0.0119041
48.025 0.0117537
48.05 0.0116033
48.075 0.011453
48.1 0.0113027
48.125 0.0111526
48.15 0.0110024
48.175 0.0108524
48.2 0.0107024
48.225 0.0105524
48.25 0.0104025
48.275 0.0102526
48.3 0.0101029
48.325 0.00995312
48.35 0.00980343
48.375 0.00965379
48.4 0.00950421
48.425 0.00935467
48.45 0.00920519
48.475 0.00905575
48.5 0.00890636
48.525 0.00875702
48.55 0.00860772
48.575 0.00845846
48.6 0.00830926
48.625 0.00816009
48.65 0.00801097
48.675 0.00786189
48.7 0.00771285
48.725 0.00756385
48.75 0.00741489
48.775 0.00726597
48.8 0.00711708
48.825 0.00696824
48.85 0.00681943
48.875 0.00667065
48.9 0.00652191
48.925 0.00637321
48.95 0.00622454
48.975 0.0060759
49 0.00592729
49.025 0.00577871
49.05 0.00563016
49.075 0.00548164
49.1 0.00533315
49.125 0.00518469
49.15 0.00503626
49.175 0.00488785
49.2 0.00473947
49.225 0.00459111
49.25 0.00444277
49.275 0.00429446
49.3 0.00414617
49.325 0.0039979
49.35 0.00384966
49.375 0.00370143
49.4 0.00355322
49.425 0.00340503
49.45 0.00325686
49.475 0.00310871
49.5 0.00296057
49.525 0.00281244
49.55 0.00266434
49.575 0.00251624
49.6 0.00236816
49.625 0.00222009
49.65 0.00207203
49.675 0.00192399
49.7 0.00177595
49.725 0.00162792
49.75 0.0014799
49.775 0.00133189
49.8 0.00118388
49.825 0.00103588
49.85 0.000887891
49.875 0.000739902
49.9 0.000591917
49.925 0.000443935
49.95 0.000295955
49.975 0.000147977
