-3.00000e+00 -1.44191e-02
-3.00000e+00 -9.60075e-03
-2.99000e+00 3.47578e-03
-2.98799e+00 -1.03118e-03
-2.98398e+00 6.60631e-03
-2.97998e+00 1.15711e-02
-2.97598e+00 -9.19389e-03
-2.97197e+00 -9.70524e-03
-2.96797e+00 4.56098e-03
-2.96396e+00 -1.20816e-03
-2.95996e+00 1.28987e-04
-2.95596e+00 -8.85564e-03
-2.95195e+00 -9.48586e-03
-2.94795e+00 4.46796e-03
-2.94394e+00 1.56015e-02
-2.93994e+00 -3.46516e-03
-2.93594e+00 1.10817e-02
-2.93193e+00 1.36971e-02
-2.92793e+00 1.07200e-02
-2.92392e+00 1.51642e-02
-2.91992e+00 3.58781e-03
-2.91592e+00 -1.61424e-02
-2.91191e+00 -8.23769e-03
-2.90791e+00 -1.54560e-03
-2.90390e+00 -1.45195e-02
-2.89990e+00 -5.24205e-03
-2.89590e+00 1.27470e-02
-2.89189e+00 -7.80473e-03
-2.88789e+00 2.02980e-03
-2.88388e+00 2.81283e-03
-2.87988e+00 1.84525e-02
-2.87588e+00 -2.51823e-03
-2.87187e+00 6.45361e-03
-2.86787e+00 -1.23135e-02
-2.86386e+00 -8.77142e-03
-2.85986e+00 3.26550e-03
-2.85586e+00 5.24353e-03
-2.85185e+00 -4.72168e-03
-2.84785e+00 2.74734e-03
-2.84384e+00 -6.72732e-03
-2.83984e+00 5.74249e-03
-2.83584e+00 -7.02348e-03
-2.83183e+00 2.51299e-03
-2.82783e+00 3.52413e-03
-2.82382e+00 1.43288e-02
-2.81982e+00 -1.10945e-02
-2.81582e+00 2.13759e-03
-2.81181e+00 -1.72641e-02
-2.80781e+00 1.26833e-03
-2.80380e+00 7.84311e-03
-2.79980e+00 -1.06718e-02
-2.79580e+00 -2.05144e-03
-2.79179e+00 1.22862e-02
-2.78779e+00 1.65579e-02
-2.78378e+00 2.04915e-05
-2.77978e+00 1.48583e-02
-2.77578e+00 -1.58553e-03
-2.77177e+00 -8.73935e-03
-2.76777e+00 -1.03841e-03
-2.76376e+00 -1.74260e-02
-2.75976e+00 -8.26254e-03
-2.75576e+00 -6.21224e-03
-2.75175e+00 1.37843e-02
-2.74775e+00 2.22555e-03
-2.74374e+00 2.04414e-02
-2.73974e+00 4.45134e-03
-2.73574e+00 3.53637e-03
-2.73173e+00 -2.23733e-03
-2.72773e+00 -8.91541e-03
-2.72372e+00 1.69471e-03
-2.71972e+00 -3.76139e-03
-2.71572e+00 -1.55725e-02
-2.71171e+00 5.14937e-03
-2.70771e+00 -1.64991e-03
-2.70370e+00 2.61998e-03
-2.69970e+00 -5.20396e-03
-2.69570e+00 6.85396e-03
-2.69169e+00 -5.98538e-03
-2.68769e+00 3.55786e-03
-2.68368e+00 6.68192e-03
-2.67968e+00 -1.25351e-03
-2.67568e+00 -9.20369e-03
-2.67167e+00 2.38640e-03
-2.66767e+00 1.07719e-02
-2.66366e+00 -2.17804e-02
-2.65966e+00 1.14005e-03
-2.65566e+00 1.41137e-03
-2.65165e+00 3.49953e-03
-2.64765e+00 -3.78676e-03
-2.64364e+00 3.38181e-03
-2.63964e+00 -5.54088e-03
-2.63564e+00 2.55297e-03
-2.63163e+00 1.14814e-02
-2.62763e+00 -9.07692e-04
-2.62362e+00 -1.07922e-02
-2.61962e+00 -1.03371e-03
-2.61562e+00 4.34096e-03
-2.61161e+00 -2.70224e-03
-2.60761e+00 1.66128e-02
-2.60360e+00 -4.41169e-03
-2.59960e+00 -4.25077e-03
-2.59560e+00 1.62967e-02
-2.59159e+00 2.98641e-03
-2.58759e+00 5.35309e-03
-2.58358e+00 1.33364e-02
-2.57958e+00 -6.55184e-03
-2.57558e+00 -1.85701e-03
-2.57157e+00 8.69491e-03
-2.56757e+00 -7.96660e-03
-2.56356e+00 2.38862e-03
-2.55956e+00 -1.16341e-02
-2.55556e+00 5.09317e-03
-2.55155e+00 2.23566e-02
-2.54755e+00 -1.62538e-03
-2.54354e+00 -4.02267e-03
-2.53954e+00 1.66109e-02
-2.53554e+00 -9.38005e-03
-2.53153e+00 -3.76592e-03
-2.52753e+00 -3.27904e-04
-2.52352e+00 6.06995e-03
-2.51952e+00 -1.08904e-02
-2.51552e+00 -9.67776e-03
-2.51151e+00 3.04441e-03
-2.50751e+00 -1.89141e-03
-2.50350e+00 -1.67601e-02
-2.49950e+00 -1.72360e-02
-2.49550e+00 -1.73213e-02
-2.49149e+00 1.98097e-04
-2.48749e+00 4.53133e-03
-2.48348e+00 6.67068e-03
-2.47948e+00 -1.06199e-02
-2.47548e+00 -2.01084e-02
-2.47147e+00 5.92231e-03
-2.46747e+00 -8.42053e-04
-2.46346e+00 -1.77467e-04
-2.45946e+00 -4.06095e-03
-2.45546e+00 -3.11564e-03
-2.45145e+00 1.90175e-02
-2.44745e+00 -1.53850e-03
-2.44344e+00 5.10788e-03
-2.43944e+00 -2.17130e-02
-2.43544e+00 -1.48734e-02
-2.43143e+00 -7.81704e-03
-2.42743e+00 1.46793e-03
-2.42342e+00 3.61658e-03
-2.41942e+00 2.50979e-02
-2.41542e+00 -1.75733e-02
-2.41141e+00 -1.72815e-02
-2.40741e+00 -2.81181e-03
-2.40340e+00 -8.69425e-03
-2.39940e+00 -1.03859e-02
-2.39540e+00 9.52894e-03
-2.39139e+00 -4.26678e-03
-2.38739e+00 4.68522e-03
-2.38338e+00 2.03445e-03
-2.37938e+00 -1.60065e-02
-2.37538e+00 7.65861e-03
-2.37137e+00 -2.56306e-03
-2.36737e+00 -6.62155e-03
-2.36336e+00 -1.53187e-03
-2.35936e+00 3.93345e-03
-2.35536e+00 1.10496e-02
-2.35135e+00 1.02090e-03
-2.34735e+00 -1.72468e-02
-2.34334e+00 8.34327e-03
-2.33934e+00 -5.46478e-03
-2.33534e+00 1.84521e-02
-2.33133e+00 6.10034e-03
-2.32733e+00 6.54147e-03
-2.32332e+00 -3.41027e-03
-2.31932e+00 -8.43250e-03
-2.31532e+00 -7.29900e-03
-2.31131e+00 -1.29661e-02
-2.30731e+00 -8.23677e-03
-2.30330e+00 1.18193e-02
-2.29930e+00 -5.98259e-03
-2.29530e+00 -5.95717e-04
-2.29129e+00 1.55739e-02
-2.28729e+00 -4.98710e-03
-2.28328e+00 -2.01447e-03
-2.27928e+00 6.91337e-03
-2.27528e+00 1.99411e-03
-2.27127e+00 4.62602e-03
-2.26727e+00 -3.78359e-03
-2.26326e+00 -1.76894e-03
-2.25926e+00 1.61990e-02
-2.25526e+00 2.02149e-02
-2.25125e+00 -3.43590e-04
-2.24725e+00 -7.74063e-03
-2.24324e+00 -9.08279e-04
-2.23924e+00 -5.77424e-03
-2.23524e+00 -7.18552e-03
-2.23123e+00 -1.97438e-02
-2.22723e+00 -1.55009e-02
-2.22322e+00 -2.93754e-04
-2.21922e+00 -6.47092e-03
-2.21522e+00 1.32228e-02
-2.21121e+00 -1.85121e-02
-2.20721e+00 -9.28690e-03
-2.20320e+00 5.02759e-03
-2.19920e+00 4.69004e-03
-2.19520e+00 -4.40212e-03
-2.19119e+00 -1.00343e-02
-2.18719e+00 -2.37125e-02
-2.18318e+00 -4.75825e-03
-2.17918e+00 4.69541e-03
-2.17518e+00 -1.20967e-03
-2.17117e+00 -1.36920e-02
-2.16717e+00 9.55756e-03
-2.16316e+00 7.36965e-03
-2.15916e+00 -1.90366e-03
-2.15516e+00 8.22042e-04
-2.15115e+00 7.36499e-04
-2.14715e+00 1.78381e-03
-2.14314e+00 7.71842e-03
-2.13914e+00 -3.60322e-03
-2.13514e+00 1.58899e-02
-2.13113e+00 -1.14474e-02
-2.12713e+00 -3.21951e-03
-2.12312e+00 -8.00874e-03
-2.11912e+00 -6.65742e-03
-2.11512e+00 -1.65194e-02
-2.11111e+00 1.16574e-02
-2.10711e+00 7.62817e-04
-2.10310e+00 -1.26919e-03
-2.09910e+00 9.62153e-04
-2.09510e+00 -7.10756e-03
-2.09109e+00 -3.69954e-03
-2.08709e+00 8.97374e-03
-2.08308e+00 -6.65676e-04
-2.07908e+00 5.11022e-03
-2.07508e+00 6.55365e-03
-2.07107e+00 1.02816e-02
-2.06707e+00 -5.34972e-03
-2.06306e+00 -7.45260e-03
-2.05906e+00 3.79446e-03
-2.05506e+00 -9.42830e-03
-2.05105e+00 1.17559e-02
-2.04705e+00 -1.07334e-02
-2.04304e+00 1.09161e-02
-2.03904e+00 1.62645e-02
-2.03504e+00 -1.28850e-02
-2.03103e+00 1.18211e-02
-2.02703e+00 5.18985e-03
-2.02302e+00 1.15658e-03
-2.01902e+00 -2.37965e-03
-2.01502e+00 -1.85702e-03
-2.01101e+00 8.82919e-03
-2.00701e+00 -6.46701e-03
-2.00300e+00 -6.09796e-03
-1.99900e+00 3.09031e-02
-1.99499e+00 1.59150e-02
-1.99099e+00 1.08726e-02
-1.98699e+00 9.58008e-03
-1.98298e+00 -2.53737e-04
-1.97898e+00 -1.73955e-02
-1.97497e+00 -1.91028e-03
-1.97097e+00 7.61438e-03
-1.96697e+00 6.71557e-03
-1.96296e+00 1.60443e-02
-1.95896e+00 1.22216e-02
-1.95495e+00 4.53827e-03
-1.95095e+00 -5.51727e-03
-1.94695e+00 -2.82671e-03
-1.94294e+00 5.10618e-03
-1.93894e+00 -4.71008e-03
-1.93493e+00 -4.44757e-03
-1.93093e+00 1.45437e-02
-1.92693e+00 -1.33781e-03
-1.92292e+00 -1.58124e-02
-1.91892e+00 -2.19275e-02
-1.91491e+00 2.45193e-03
-1.91091e+00 -4.79060e-03
-1.90691e+00 -3.97420e-03
-1.90290e+00 -1.39620e-03
-1.89890e+00 3.72326e-04
-1.89489e+00 -1.01910e-02
-1.89089e+00 -2.53469e-04
-1.88689e+00 -2.19566e-02
-1.88288e+00 -9.33874e-03
-1.87888e+00 -3.94165e-03
-1.87487e+00 2.77388e-03
-1.87087e+00 2.77814e-03
-1.86687e+00 1.26676e-02
-1.86286e+00 1.68232e-02
-1.85886e+00 4.44960e-03
-1.85485e+00 -8.26575e-03
-1.85085e+00 5.33260e-03
-1.84685e+00 1.25269e-02
-1.84284e+00 1.12825e-02
-1.83884e+00 1.02479e-03
-1.83483e+00 -1.45560e-02
-1.83083e+00 -1.28871e-02
-1.82683e+00 -3.66105e-03
-1.82282e+00 5.20620e-03
-1.81882e+00 -5.89407e-03
-1.81481e+00 -1.56883e-02
-1.81081e+00 1.32099e-02
-1.80681e+00 -4.52561e-03
-1.80280e+00 1.00037e-02
-1.79880e+00 4.37104e-03
-1.79479e+00 -1.30526e-02
-1.79079e+00 5.51431e-04
-1.78679e+00 6.73866e-03
-1.78278e+00 -6.85732e-03
-1.77878e+00 -6.94317e-03
-1.77477e+00 3.20326e-03
-1.77077e+00 -1.03785e-02
-1.76677e+00 -6.81691e-03
-1.76276e+00 1.32581e-02
-1.75876e+00 -3.43829e-03
-1.75475e+00 4.54658e-03
-1.75075e+00 -4.88813e-03
-1.74675e+00 -1.54366e-02
-1.74274e+00 -4.78443e-03
-1.73874e+00 -5.61535e-03
-1.73473e+00 2.01081e-03
-1.73073e+00 -5.03047e-03
-1.72673e+00 1.01039e-02
-1.72272e+00 -2.05581e-02
-1.71872e+00 3.88990e-03
-1.71471e+00 -5.32222e-03
-1.71071e+00 9.64597e-03
-1.70671e+00 6.82443e-04
-1.70270e+00 1.63185e-02
-1.69870e+00 -4.08516e-03
-1.69469e+00 -3.17511e-03
-1.69069e+00 4.75253e-03
-1.68669e+00 1.05348e-02
-1.68268e+00 -1.20793e-02
-1.67868e+00 -2.65005e-02
-1.67467e+00 -1.90414e-03
-1.67067e+00 2.48910e-03
-1.66667e+00 1.52319e-02
-1.66266e+00 -2.60697e-03
-1.65866e+00 9.18142e-04
-1.65465e+00 6.70473e-03
-1.65065e+00 -6.18476e-03
-1.64665e+00 -1.01400e-02
-1.64264e+00 -2.29921e-03
-1.63864e+00 -1.77664e-02
-1.63463e+00 5.05545e-03
-1.63063e+00 -1.03635e-02
-1.62663e+00 -1.55561e-02
-1.62262e+00 5.85404e-04
-1.61862e+00 4.78398e-03
-1.61461e+00 -2.34531e-03
-1.61061e+00 5.30902e-03
-1.60661e+00 7.54179e-03
-1.60260e+00 6.81867e-03
-1.59860e+00 -2.07920e-03
-1.59459e+00 2.65347e-03
-1.59059e+00 -5.52270e-03
-1.58659e+00 1.50969e-02
-1.58258e+00 -7.19973e-03
-1.57858e+00 -1.15256e-02
-1.57457e+00 -6.26177e-03
-1.57057e+00 -6.94262e-03
-1.56657e+00 -1.27855e-02
-1.56256e+00 -1.27694e-02
-1.55856e+00 1.72934e-02
-1.55455e+00 6.71332e-04
-1.55055e+00 -9.23767e-03
-1.54655e+00 1.06711e-02
-1.54254e+00 -9.58446e-03
-1.53854e+00 1.53424e-02
-1.53453e+00 -2.91629e-03
-1.53053e+00 -7.68654e-03
-1.52653e+00 1.32030e-02
-1.52252e+00 -5.57705e-03
-1.51852e+00 8.94434e-05
-1.51451e+00 7.27161e-03
-1.51051e+00 2.90381e-03
-1.50651e+00 -6.39049e-03
-1.50250e+00 -2.10629e-02
-1.49850e+00 -7.82105e-03
-1.49449e+00 6.82497e-03
-1.49049e+00 1.07642e-02
-1.48649e+00 2.45634e-03
-1.48248e+00 9.27113e-03
-1.47848e+00 3.22814e-03
-1.47447e+00 1.45225e-02
-1.47047e+00 1.49913e-02
-1.46647e+00 -5.83315e-03
-1.46246e+00 2.01611e-04
-1.45846e+00 6.01276e-03
-1.45445e+00 1.28333e-02
-1.45045e+00 1.47652e-03
-1.44645e+00 -5.14833e-03
-1.44244e+00 -2.99040e-04
-1.43844e+00 -1.33298e-02
-1.43443e+00 -5.32201e-03
-1.43043e+00 -8.59534e-03
-1.42643e+00 1.82305e-03
-1.42242e+00 -2.44132e-03
-1.41842e+00 1.14566e-02
-1.41441e+00 1.96432e-03
-1.41041e+00 -1.13353e-02
-1.40641e+00 4.39261e-03
-1.40240e+00 -9.95212e-03
-1.39840e+00 2.07316e-03
-1.39439e+00 2.44526e-02
-1.39039e+00 -4.37642e-03
-1.38639e+00 2.01666e-03
-1.38238e+00 1.14581e-02
-1.37838e+00 -1.01509e-02
-1.37437e+00 1.25432e-02
-1.37037e+00 -4.00828e-03
-1.36637e+00 8.32695e-03
-1.36236e+00 -5.33797e-03
-1.35836e+00 1.73071e-02
-1.35435e+00 1.19320e-02
-1.35035e+00 -6.86127e-03
-1.34635e+00 1.82921e-02
-1.34234e+00 -2.79439e-03
-1.33834e+00 8.06608e-03
-1.33433e+00 1.77877e-03
-1.33033e+00 -4.87249e-05
-1.32633e+00 2.03099e-02
-1.32232e+00 -1.53862e-02
-1.31832e+00 -1.51745e-02
-1.31431e+00 8.11881e-03
-1.31031e+00 -2.16356e-02
-1.30631e+00 8.21655e-03
-1.30230e+00 1.30702e-02
-1.29830e+00 -1.48640e-02
-1.29429e+00 -3.25261e-04
-1.29029e+00 -5.98763e-03
-1.28629e+00 9.32679e-03
-1.28228e+00 -6.33268e-03
-1.27828e+00 8.03789e-03
-1.27427e+00 -7.64305e-03
-1.27027e+00 1.07740e-02
-1.26627e+00 3.72814e-03
-1.26226e+00 -1.18589e-02
-1.25826e+00 -1.15110e-02
-1.25425e+00 5.66488e-04
-1.25025e+00 -1.97805e-02
-1.24625e+00 9.15747e-03
-1.24224e+00 1.47646e-02
-1.23824e+00 6.61348e-03
-1.23423e+00 -1.14747e-02
-1.23023e+00 2.40486e-03
-1.22623e+00 2.23771e-02
-1.22222e+00 1.25768e-02
-1.21822e+00 5.45798e-03
-1.21421e+00 8.74114e-03
-1.21021e+00 1.34341e-02
-1.20621e+00 1.92075e-03
-1.20220e+00 -1.06516e-03
-1.19820e+00 -2.69777e-03
-1.19419e+00 1.61532e-03
-1.19019e+00 -2.32278e-03
-1.18619e+00 -7.64116e-03
-1.18218e+00 -9.29658e-03
-1.17818e+00 6.07867e-03
-1.17417e+00 -5.65111e-03
-1.17017e+00 -9.41179e-03
-1.16617e+00 -1.37134e-02
-1.16216e+00 -1.37356e-02
-1.15816e+00 6.86609e-03
-1.15415e+00 -3.64055e-03
-1.15015e+00 6.19051e-03
-1.14615e+00 1.21540e-02
-1.14214e+00 -2.66830e-03
-1.13814e+00 7.25452e-03
-1.13413e+00 2.89595e-02
-1.13013e+00 -3.35367e-03
-1.12613e+00 4.47610e-03
-1.12212e+00 -3.05473e-03
-1.11812e+00 1.11695e-02
-1.11411e+00 -4.00223e-03
-1.11011e+00 -4.17153e-03
-1.10611e+00 6.62979e-03
-1.10210e+00 -2.17528e-04
-1.09810e+00 -6.84637e-03
-1.09409e+00 -2.16682e-02
-1.09009e+00 -1.40787e-02
-1.08609e+00 -5.40657e-03
-1.08208e+00 7.88313e-03
-1.07808e+00 6.98927e-03
-1.07407e+00 5.46187e-03
-1.07007e+00 1.02782e-02
-1.06607e+00 -1.99371e-03
-1.06206e+00 3.81571e-03
-1.05806e+00 -6.18543e-04
-1.05405e+00 4.49231e-03
-1.05005e+00 -1.85500e-03
-1.04605e+00 1.03277e-02
-1.04204e+00 -1.56169e-02
-1.03804e+00 2.36192e-02
-1.03403e+00 -2.70255e-03
-1.03003e+00 -1.23211e-02
-1.02603e+00 -1.14503e-02
-1.02202e+00 -4.12685e-04
-1.01802e+00 1.30180e-02
-1.01401e+00 -9.43306e-03
-1.01001e+00 4.19023e-03
-1.00601e+00 -8.25772e-03
-1.00200e+00 9.54672e-03
-9.97998e-01 -5.51671e-03
-9.93994e-01 -7.97515e-03
-9.89990e-01 2.17641e-02
-9.85986e-01 2.79476e-03
-9.81982e-01 1.30821e-02
-9.77978e-01 9.57491e-03
-9.73974e-01 2.10269e-03
-9.69970e-01 1.35340e-02
-9.65966e-01 -1.14082e-03
-9.61962e-01 5.46056e-03
-9.57958e-01 -1.55378e-02
-9.53954e-01 -1.22196e-02
-9.49950e-01 7.65226e-03
-9.45946e-01 -3.54102e-03
-9.41942e-01 -4.10171e-03
-9.37938e-01 3.84242e-03
-9.33934e-01 -2.62905e-02
-9.29930e-01 -3.60303e-03
-9.25926e-01 -1.07987e-02
-9.21922e-01 4.72329e-03
-9.17918e-01 3.05479e-04
-9.13914e-01 -1.53200e-02
-9.09910e-01 -9.93477e-04
-9.05906e-01 -2.25783e-03
-9.01902e-01 5.24338e-03
-8.97898e-01 -6.25700e-03
-8.93894e-01 -1.34949e-02
-8.89890e-01 -7.55759e-04
-8.85886e-01 5.01297e-03
-8.81882e-01 3.60896e-03
-8.77878e-01 6.60595e-03
-8.73874e-01 -9.36748e-03
-8.69870e-01 -8.51920e-03
-8.65866e-01 -6.69131e-03
-8.61862e-01 6.17255e-03
-8.57858e-01 2.83641e-03
-8.53854e-01 3.50976e-03
-8.49850e-01 1.01750e-02
-8.45846e-01 6.77656e-03
-8.41842e-01 -1.74162e-03
-8.37838e-01 1.61605e-03
-8.33834e-01 2.22808e-02
-8.29830e-01 1.44168e-02
-8.25826e-01 -4.48536e-03
-8.21822e-01 -1.86463e-02
-8.17818e-01 -3.92421e-03
-8.13814e-01 1.34230e-03
-8.09810e-01 -1.99763e-02
-8.05806e-01 1.30288e-02
-8.01802e-01 1.41933e-02
-7.97798e-01 -1.16517e-04
-7.93794e-01 -3.92172e-03
-7.89790e-01 7.51406e-03
-7.85786e-01 7.31077e-03
-7.81782e-01 -1.28090e-03
-7.77778e-01 -5.56332e-03
-7.73774e-01 2.57586e-03
-7.69770e-01 1.86149e-02
-7.65766e-01 -1.45503e-02
-7.61762e-01 1.71803e-02
-7.57758e-01 -1.83623e-02
-7.53754e-01 -8.36934e-03
-7.49750e-01 5.74474e-03
-7.45746e-01 1.10951e-02
-7.41742e-01 -8.63487e-03
-7.37738e-01 -1.83801e-03
-7.33734e-01 -8.16182e-03
-7.29730e-01 -1.54122e-02
-7.25726e-01 1.14096e-02
-7.21722e-01 -4.81365e-03
-7.17718e-01 3.05794e-04
-7.13714e-01 2.11302e-02
-7.09710e-01 3.41773e-03
-7.05706e-01 -2.62034e-04
-7.01702e-01 7.20278e-03
-6.97698e-01 2.40320e-03
-6.93694e-01 -1.20641e-02
-6.89690e-01 7.34276e-03
-6.85686e-01 8.40139e-05
-6.81682e-01 -8.89939e-04
-6.77678e-01 7.61917e-03
-6.73674e-01 1.95517e-03
-6.69670e-01 -5.47957e-03
-6.65666e-01 -1.20740e-02
-6.61662e-01 6.51187e-03
-6.57658e-01 7.87448e-03
-6.53654e-01 2.03237e-03
-6.49650e-01 9.17342e-04
-6.45646e-01 -8.97419e-04
-6.41642e-01 -1.18306e-03
-6.37638e-01 -2.10051e-03
-6.33634e-01 1.43359e-02
-6.29630e-01 1.16061e-02
-6.25626e-01 -3.72854e-03
-6.21622e-01 7.39723e-03
-6.17618e-01 -5.79779e-03
-6.13614e-01 -7.16811e-03
-6.09610e-01 -1.22259e-03
-6.05606e-01 2.07275e-03
-6.01602e-01 -5.65465e-03
-5.97598e-01 -1.43922e-02
-5.93594e-01 8.00347e-03
-5.89590e-01 -4.46123e-03
-5.85586e-01 2.29611e-04
-5.81582e-01 5.84733e-03
-5.77578e-01 8.33905e-04
-5.73574e-01 2.26660e-04
-5.69570e-01 3.57501e-03
-5.65566e-01 5.48728e-03
-5.61562e-01 -5.76478e-03
-5.57558e-01 3.52029e-03
-5.53554e-01 6.06751e-03
-5.49550e-01 3.52778e-03
-5.45546e-01 -1.52266e-02
-5.41542e-01 1.14746e-02
-5.37538e-01 -1.04025e-02
-5.33534e-01 1.94532e-02
-5.29530e-01 -6.61334e-03
-5.25526e-01 -2.19458e-03
-5.21522e-01 1.08946e-02
-5.17518e-01 -1.35799e-02
-5.13514e-01 4.63963e-03
-5.09510e-01 7.35908e-03
-5.05506e-01 5.38223e-03
-5.01502e-01 -7.26775e-03
-4.97497e-01 4.55582e-03
-4.93493e-01 -9.79030e-03
-4.89489e-01 2.99432e-03
-4.85485e-01 -5.51016e-03
-4.81481e-01 1.90211e-03
-4.77477e-01 -8.14659e-03
-4.73473e-01 4.14485e-03
-4.69469e-01 -4.90317e-03
-4.65465e-01 -8.49905e-03
-4.61461e-01 -2.20410e-02
-4.57457e-01 4.73408e-03
-4.53453e-01 1.74189e-02
-4.49449e-01 -5.51259e-03
-4.45445e-01 1.44378e-02
-4.41441e-01 -1.78828e-03
-4.37437e-01 -8.05236e-03
-4.33433e-01 9.09662e-04
-4.29429e-01 -3.98366e-03
-4.25425e-01 7.06158e-03
-4.21421e-01 -8.45362e-03
-4.17417e-01 1.45864e-03
-4.13413e-01 3.07212e-03
-4.09409e-01 1.50168e-03
-4.05405e-01 3.13521e-03
-4.01401e-01 -3.91864e-03
-3.97397e-01 -1.44174e-02
-3.93393e-01 3.81674e-03
-3.89389e-01 -8.94632e-03
-3.85385e-01 1.17318e-02
-3.81381e-01 -2.38575e-03
-3.77377e-01 9.43556e-03
-3.73373e-01 1.81819e-02
-3.69369e-01 -2.30366e-03
-3.65365e-01 -4.75524e-03
-3.61361e-01 1.25774e-02
-3.57357e-01 4.85529e-03
-3.53353e-01 2.31698e-03
-3.49349e-01 3.66005e-03
-3.45345e-01 -4.81841e-03
-3.41341e-01 1.34492e-02
-3.37337e-01 -1.21872e-03
-3.33333e-01 1.49670e-02
-3.29329e-01 -4.47130e-04
-3.25325e-01 1.95918e-02
-3.21321e-01 8.69941e-03
-3.17317e-01 -2.45177e-02
-3.13313e-01 5.55937e-03
-3.09309e-01 2.09654e-02
-3.05305e-01 6.27243e-03
-3.01301e-01 4.17637e-03
-2.97297e-01 1.65312e-02
-2.93293e-01 2.81944e-02
-2.89289e-01 2.26504e-02
-2.85285e-01 1.82207e-02
-2.81281e-01 2.42925e-02
-2.77277e-01 2.65882e-02
-2.73273e-01 2.20976e-02
-2.69269e-01 3.06172e-02
-2.65265e-01 2.95210e-02
-2.61261e-01 3.99611e-02
-2.57257e-01 4.27613e-02
-2.53253e-01 2.62081e-02
-2.49249e-01 3.92988e-02
-2.45245e-01 3.71218e-02
-2.41241e-01 5.54437e-02
-2.37237e-01 3.71829e-02
-2.33233e-01 6.47018e-02
-2.29229e-01 8.28547e-02
-2.25225e-01 8.35201e-02
-2.21221e-01 1.00673e-01
-2.17217e-01 9.43529e-02
-2.13213e-01 9.76254e-02
-2.09209e-01 9.37456e-02
-2.05205e-01 1.48145e-01
-2.01201e-01 1.35021e-01
-1.97197e-01 1.53738e-01
-1.93193e-01 1.60066e-01
-1.89189e-01 1.63149e-01
-1.85185e-01 1.76825e-01
-1.81181e-01 1.68477e-01
-1.77177e-01 1.98068e-01
-1.73173e-01 2.19012e-01
-1.69169e-01 2.32479e-01
-1.65165e-01 2.62918e-01
-1.61161e-01 2.77467e-01
-1.57157e-01 2.85797e-01
-1.53153e-01 2.97654e-01
-1.49149e-01 3.36628e-01
-1.45145e-01 3.47962e-01
-1.41141e-01 3.72680e-01
-1.37137e-01 3.93959e-01
-1.33133e-01 4.11015e-01
-1.29129e-01 4.41594e-01
-1.25125e-01 4.59397e-01
-1.21121e-01 4.80684e-01
-1.17117e-01 4.93029e-01
-1.13113e-01 5.27834e-01
-1.09109e-01 5.60599e-01
-1.05105e-01 5.71506e-01
-1.01101e-01 6.03863e-01
-9.70971e-02 6.30482e-01
-9.30931e-02 6.81661e-01
-8.90891e-02 6.65255e-01
-8.50851e-02 6.94261e-01
-8.10811e-02 7.15555e-01
-7.70771e-02 7.27682e-01
-7.30731e-02 7.67523e-01
-6.90691e-02 7.91042e-01
-6.50651e-02 8.05605e-01
-6.10611e-02 8.29473e-01
-5.70571e-02 8.48758e-01
-5.30531e-02 8.65701e-01
-4.90490e-02 8.78127e-01
-4.50450e-02 8.96331e-01
-4.10410e-02 9.10060e-01
-3.70370e-02 9.40701e-01
-3.30330e-02 9.46644e-01
-2.90290e-02 9.62022e-01
-2.50250e-02 9.62162e-01
-2.10210e-02 9.56485e-01
-1.70170e-02 9.86123e-01
-1.30130e-02 9.97830e-01
-9.00901e-03 1.00739e+00
-5.00501e-03 9.80532e-01
-1.00100e-03 1.00292e+00
3.00300e-03 1.00113e+00
7.00701e-03 9.98010e-01
1.10110e-02 9.92850e-01
1.50150e-02 1.00824e+00
1.90190e-02 9.70497e-01
2.30230e-02 9.75859e-01
2.70270e-02 9.68554e-01
3.10310e-02 9.33227e-01
3.50350e-02 9.44861e-01
3.90390e-02 9.41209e-01
4.30430e-02 9.08658e-01
4.70470e-02 8.92320e-01
5.10511e-02 8.63261e-01
5.50551e-02 8.62403e-01
5.90591e-02 8.50328e-01
6.30631e-02 8.07101e-01
6.70671e-02 7.85082e-01
7.10711e-02 7.70809e-01
7.50751e-02 7.55375e-01
7.90791e-02 7.42695e-01
8.30831e-02 7.13742e-01
8.70871e-02 6.83581e-01
9.10911e-02 6.51984e-01
9.50951e-02 6.36865e-01
9.90991e-02 6.17383e-01
1.03103e-01 5.80498e-01
1.07107e-01 5.65795e-01
1.11111e-01 5.42109e-01
1.15115e-01 5.28788e-01
1.19119e-01 5.07467e-01
1.23123e-01 4.49987e-01
1.27127e-01 4.56664e-01
1.31131e-01 4.16765e-01
1.35135e-01 3.88164e-01
1.39139e-01 3.73784e-01
1.43143e-01 3.54203e-01
1.47147e-01 3.41833e-01
1.51151e-01 3.16916e-01
1.55155e-01 2.86574e-01
1.59159e-01 2.78311e-01
1.63163e-01 2.45111e-01
1.67167e-01 2.63101e-01
1.71171e-01 2.24646e-01
1.75175e-01 2.22557e-01
1.79179e-01 2.07510e-01
1.83183e-01 1.80240e-01
1.87187e-01 1.58163e-01
1.91191e-01 1.45467e-01
1.95195e-01 1.56884e-01
1.99199e-01 1.36319e-01
2.03203e-01 1.37501e-01
2.07207e-01 1.12185e-01
2.11211e-01 7.82008e-02
2.15215e-01 8.78281e-02
2.19219e-01 9.84166e-02
2.23223e-01 8.48696e-02
2.27227e-01 9.43591e-02
2.31231e-01 7.24828e-02
2.35235e-01 4.49329e-02
2.39239e-01 8.19942e-02
2.43243e-01 6.26333e-02
2.47247e-01 3.24498e-02
2.51251e-01 4.47905e-02
2.55255e-01 3.80292e-02
2.59259e-01 2.71309e-02
2.63263e-01 1.31247e-02
2.67267e-01 1.86420e-02
2.71271e-01 2.79836e-02
2.75275e-01 1.70631e-02
2.79279e-01 1.16737e-02
2.83283e-01 1.85800e-02
2.87287e-01 4.21937e-02
2.91291e-01 1.68275e-02
2.95295e-01 2.04722e-02
2.99299e-01 5.93089e-03
3.03303e-01 -5.51871e-03
3.07307e-01 -2.37251e-03
3.11311e-01 1.32847e-02
3.15315e-01 7.41665e-03
3.19319e-01 5.63613e-03
3.23323e-01 1.39794e-02
3.27327e-01 2.55257e-02
3.31331e-01 1.37612e-02
3.35335e-01 2.67631e-04
3.39339e-01 6.17013e-03
3.43343e-01 1.21665e-02
3.47347e-01 3.10345e-03
3.51351e-01 1.68204e-02
3.55355e-01 1.41712e-02
3.59359e-01 7.56121e-03
3.63363e-01 -1.42057e-02
3.67367e-01 -1.07874e-02
3.71371e-01 -9.07741e-03
3.75375e-01 1.13477e-02
3.79379e-01 4.89995e-04
3.83383e-01 1.96543e-02
3.87387e-01 -6.52605e-04
3.91391e-01 3.66219e-04
3.95395e-01 -1.83804e-03
3.99399e-01 1.31828e-02
4.03403e-01 1.08308e-02
4.07407e-01 2.11462e-03
4.11411e-01 -4.79146e-03
4.15415e-01 -3.57492e-03
4.19419e-01 -3.47886e-03
4.23423e-01 6.94015e-03
4.27427e-01 1.02468e-02
4.31431e-01 1.65411e-02
4.35435e-01 1.04588e-02
4.39439e-01 -1.07153e-02
4.43443e-01 1.01141e-02
4.47447e-01 1.30944e-03
4.51451e-01 -7.05422e-03
4.55455e-01 -1.97719e-03
4.59459e-01 -1.41732e-03
4.63463e-01 4.12918e-05
4.67467e-01 1.43518e-03
4.71471e-01 -1.34014e-03
4.75475e-01 -4.43417e-03
4.79479e-01 1.23352e-02
4.83483e-01 1.44791e-02
4.87487e-01 5.45798e-03
4.91491e-01 7.04089e-04
4.95495e-01 1.42264e-02
4.99499e-01 -3.68415e-03
5.03504e-01 -3.01054e-03
5.07508e-01 5.70307e-04
5.11512e-01 9.96313e-03
5.15516e-01 -1.01704e-03
5.19520e-01 5.49364e-03
5.23524e-01 -1.00015e-03
5.27528e-01 2.23097e-03
5.31532e-01 -1.97796e-02
5.35536e-01 1.39677e-02
5.39540e-01 1.00660e-02
5.43544e-01 -1.06016e-02
5.47548e-01 -2.47482e-02
5.51552e-01 1.65686e-02
5.55556e-01 5.90951e-04
5.59560e-01 9.33885e-03
5.63564e-01 5.92937e-03
5.67568e-01 4.13660e-03
5.71572e-01 1.17364e-02
5.75576e-01 4.76004e-03
5.79580e-01 -1.70497e-02
5.83584e-01 6.79675e-03
5.87588e-01 -3.40337e-03
5.91592e-01 1.93929e-03
5.95596e-01 2.19590e-03
5.99600e-01 3.43219e-03
6.03604e-01 -5.57704e-03
6.07608e-01 -5.71438e-03
6.11612e-01 -1.07418e-02
6.15616e-01 1.09703e-02
6.19620e-01 9.39307e-04
6.23624e-01 4.53217e-03
6.27628e-01 1.03483e-02
6.31632e-01 -1.15603e-02
6.35636e-01 -1.13477e-02
6.39640e-01 -1.76269e-03
6.43644e-01 6.90618e-03
6.47648e-01 -8.68925e-03
6.51652e-01 -7.51541e-03
6.55656e-01 5.34178e-03
6.59660e-01 3.14294e-03
6.63664e-01 5.57117e-03
6.67668e-01 6.92533e-03
6.71672e-01 1.04453e-02
6.75676e-01 -1.73674e-02
6.79680e-01 1.44680e-03
6.83684e-01 3.68283e-03
6.87688e-01 -1.70140e-02
6.91692e-01 9.32102e-04
6.95696e-01 1.06744e-02
6.99700e-01 -1.52081e-02
7.03704e-01 4.22612e-04
7.07708e-01 -5.76057e-03
7.11712e-01 7.06955e-03
7.15716e-01 -1.12231e-02
7.19720e-01 -1.13054e-02
7.23724e-01 1.29470e-02
7.27728e-01 4.82228e-03
7.31732e-01 1.36999e-02
7.35736e-01 8.67083e-03
7.39740e-01 6.15412e-03
7.43744e-01 1.20114e-03
7.47748e-01 -1.32176e-02
7.51752e-01 -6.80890e-05
7.55756e-01 2.06221e-03
7.59760e-01 5.06638e-03
7.63764e-01 -9.12397e-03
7.67768e-01 9.13200e-04
7.71772e-01 1.71815e-02
7.75776e-01 -5.51424e-03
7.79780e-01 1.06106e-03
7.83784e-01 1.77599e-03
7.87788e-01 -9.17528e-03
7.91792e-01 3.62128e-03
7.95796e-01 2.11589e-03
7.99800e-01 -2.37709e-02
8.03804e-01 2.21580e-02
8.07808e-01 1.37527e-02
8.11812e-01 1.21086e-02
8.15816e-01 8.57555e-03
8.19820e-01 -3.42273e-03
8.23824e-01 -1.19915e-02
8.27828e-01 -4.69806e-03
8.31832e-01 5.02559e-03
8.35836e-01 1.91068e-02
8.39840e-01 -1.00205e-02
8.43844e-01 1.86760e-02
8.47848e-01 -1.05230e-02
8.51852e-01 8.03649e-03
8.55856e-01 -7.26676e-04
8.59860e-01 -1.95201e-02
8.63864e-01 2.49966e-02
8.67868e-01 -1.20656e-02
8.71872e-01 -7.07416e-03
8.75876e-01 -4.50935e-03
8.79880e-01 -3.75419e-03
8.83884e-01 2.12870e-03
8.87888e-01 3.29275e-03
8.91892e-01 2.09207e-02
8.95896e-01 1.42178e-02
8.99900e-01 9.63223e-03
9.03904e-01 -6.57401e-03
9.07908e-01 1.07426e-02
9.11912e-01 -1.98873e-03
9.15916e-01 -2.88717e-03
9.19920e-01 5.45881e-03
9.23924e-01 -1.19535e-02
9.27928e-01 -2.40509e-02
9.31932e-01 -4.13546e-03
9.35936e-01 -8.43357e-03
9.39940e-01 8.53352e-03
9.43944e-01 -2.62549e-03
9.47948e-01 1.43960e-02
9.51952e-01 -5.24781e-03
9.55956e-01 6.26301e-03
9.59960e-01 4.90374e-03
9.63964e-01 3.92134e-03
9.67968e-01 -9.69285e-03
9.70000e-01 6.01517e-04
9.70000e-01 -1.26578e-03
9.80000e-01 -5.77164e-03
9.80000e-01 -3.05176e-03
9.87988e-01 -4.83278e-03
9.90000e-01 -3.10288e-03
1.00000e+00 -8.61545e-03
1.00000e+00 -1.22002e-02
