-3.00000e+00	4.12874e-01	-4.27743e-02	-1.55372e-02	-1.44191e-02
-2.99600e+00	3.11158e-01	-5.79373e-02	2.07997e-02	-9.60075e-03
-2.99199e+00	-3.95723e-01	9.25968e-02	4.54129e-02	3.47578e-03
-2.98799e+00	-5.68431e-02	5.51041e-04	-4.85420e-02	-1.03118e-03
-2.98398e+00	-2.35086e-01	-6.34491e-02	5.54298e-02	6.60631e-03
-2.97998e+00	7.37576e-02	8.58327e-02	4.05736e-02	1.15711e-02
-2.97598e+00	6.64504e-01	-4.80776e-02	2.96123e-03	-9.19389e-03
-2.97197e+00	-2.77226e-01	1.48971e-01	4.99671e-02	-9.70524e-03
-2.96797e+00	6.16261e-01	-6.29391e-02	7.74074e-03	4.56098e-03
-2.96396e+00	-1.47132e-01	-5.93951e-02	-3.22633e-02	-1.20816e-03
-2.95996e+00	-2.06154e-01	-6.28694e-02	3.56655e-02	1.28987e-04
-2.95596e+00	1.92782e-01	3.56252e-02	7.05969e-02	-8.85564e-03
-2.95195e+00	2.24245e-01	1.30509e-01	-2.44838e-02	-9.48586e-03
-2.94795e+00	8.84793e-02	3.65674e-02	-3.16689e-02	4.46796e-03
-2.94394e+00	-4.64050e-01	7.72078e-02	3.59970e-02	1.56015e-02
-2.93994e+00	-2.18614e-01	1.25533e-01	-7.57416e-04	-3.46516e-03
-2.93594e+00	-2.74482e-01	-1.28335e-02	-4.31282e-02	1.10817e-02
-2.93193e+00	-1.62069e-01	9.48623e-02	3.90958e-02	1.36971e-02
-2.92793e+00	-2.47317e-01	-1.24500e-02	-4.87229e-03	1.07200e-02
-2.92392e+00	1.34646e-01	2.09994e-01	-2.51466e-02	1.51642e-02
-2.91992e+00	3.19877e-01	2.60282e-02	-1.83909e-02	3.58781e-03
-2.91592e+00	-7.92680e-02	-5.45479e-02	-1.57375e-02	-1.61424e-02
-2.91191e+00	1.75265e-01	1.00432e-02	2.96441e-02	-8.23769e-03
-2.90791e+00	2.39979e-01	-7.32904e-02	-3.65473e-02	-1.54560e-03
-2.90390e+00	4.23248e-02	-1.52416e-01	1.48382e-02	-1.45195e-02
-2.89990e+00	-8.61915e-02	3.49780e-02	3.17623e-02	-5.24205e-03
-2.89590e+00	-1.71594e-01	2.32859e-02	-2.71906e-02	1.27470e-02
-2.89189e+00	-3.67806e-01	6.54001e-02	1.05742e-02	-7.80473e-03
-2.88789e+00	-8.64938e-02	-8.44955e-02	-5.22873e-02	2.02980e-03
-2.88388e+00	5.04396e-02	-8.05115e-02	2.20372e-02	2.81283e-03
-2.87988e+00	-5.90423e-02	-4.90751e-02	-3.54874e-02	1.84525e-02
-2.87588e+00	6.89073e-02	-1.00571e-01	2.54994e-02	-2.51823e-03
-2.87187e+00	1.46218e-02	2.69135e-01	1.37105e-02	6.45361e-03
-2.86787e+00	2.11975e-01	3.71534e-02	-1.30096e-02	-1.23135e-02
-2.86386e+00	-1.99382e-01	-6.53126e-02	-4.67975e-02	-8.77142e-03
-2.85986e+00	-3.74446e-02	4.24323e-02	4.21085e-02	3.26550e-03
-2.85586e+00	7.65475e-02	1.22953e-01	4.82889e-03	5.24353e-03
-2.85185e+00	-1.18928e-01	6.77597e-02	5.30409e-02	-4.72168e-03
-2.84785e+00	8.86843e-02	9.16650e-02	2.70852e-04	2.74734e-03
-2.84384e+00	-5.61131e-01	4.80745e-02	-5.62375e-02	-6.72732e-03
-2.83984e+00	1.45015e-01	-1.50714e-01	5.34446e-02	5.74249e-03
-2.83584e+00	1.46041e-01	-7.59893e-02	-9.21452e-03	-7.02348e-03
-2.83183e+00	-3.75516e-04	1.05984e-01	2.92321e-02	2.51299e-03
-2.82783e+00	-1.11609e-01	-1.98085e-02	-2.28392e-02	3.52413e-03
-2.82382e+00	-1.36924e-01	2.59201e-02	1.93479e-02	1.43288e-02
-2.81982e+00	-5.39097e-01	5.54925e-02	2.64047e-02	-1.10945e-02
-2.81582e+00	3.46496e-01	-1.02142e-01	3.20366e-02	2.13759e-03
-2.81181e+00	2.01049e-01	1.90113e-02	1.57813e-02	-1.72641e-02
-2.80781e+00	-3.43798e-01	-4.34788e-02	-1.29055e-03	1.26833e-03
-2.80380e+00	-4.67152e-01	-1.47417e-01	4.56879e-03	7.84311e-03
-2.79980e+00	-1.21827e-01	3.93233e-02	9.56099e-03	-1.06718e-02
-2.79580e+00	2.15299e-01	-8.44081e-02	-2.33522e-02	-2.05144e-03
-2.79179e+00	2.63307e-01	-5.02834e-02	1.74059e-02	1.22862e-02
-2.78779e+00	1.69055e-01	-1.33922e-01	-3.36616e-02	1.65579e-02
-2.78378e+00	2.42871e-01	-6.02964e-02	-6.02533e-02	2.04915e-05
-2.77978e+00	5.54944e-01	4.39532e-02	5.26727e-03	1.48583e-02
-2.77578e+00	-5.38951e-01	1.57151e-01	6.25283e-03	-1.58553e-03
-2.77177e+00	1.48472e-01	-1.13155e-01	6.98029e-03	-8.73935e-03
-2.76777e+00	-1.71724e-02	3.45319e-02	5.60622e-02	-1.03841e-03
-2.76376e+00	-2.36815e-01	5.23388e-02	3.89872e-02	-1.74260e-02
-2.75976e+00	2.26661e-01	1.04396e-01	5.89383e-02	-8.26254e-03
-2.75576e+00	-1.74333e-03	1.25987e-01	6.96810e-03	-6.21224e-03
-2.75175e+00	3.79509e-01	-1.10588e-01	2.87336e-02	1.37843e-02
-2.74775e+00	-3.26985e-01	6.13731e-03	-1.86944e-02	2.22555e-03
-2.74374e+00	-2.68024e-01	1.23069e-01	-7.30422e-03	2.04414e-02
-2.73974e+00	1.37060e-01	5.45106e-02	-5.52693e-02	4.45134e-03
-2.73574e+00	-2.80660e-01	1.39998e-01	2.20829e-03	3.53637e-03
-2.73173e+00	3.83371e-02	1.21649e-01	2.93137e-02	-2.23733e-03
-2.72773e+00	-1.27093e-01	2.34380e-01	-3.34625e-02	-8.91541e-03
-2.72372e+00	3.46800e-01	-2.62002e-01	-7.03558e-03	1.69471e-03
-2.71972e+00	1.38089e-01	-3.31851e-02	-2.28975e-02	-3.76139e-03
-2.71572e+00	-1.28706e-01	-3.38634e-02	-2.55641e-02	-1.55725e-02
-2.71171e+00	-2.01972e-01	-1.42362e-01	2.85362e-02	5.14937e-03
-2.70771e+00	-1.28035e-01	-5.21237e-02	2.12717e-03	-1.64991e-03
-2.70370e+00	7.57006e-01	1.42223e-01	2.33880e-02	2.61998e-03
-2.69970e+00	-1.56922e-02	5.92935e-03	1.25471e-02	-5.20396e-03
-2.69570e+00	-6.40601e-02	9.60585e-02	2.95923e-02	6.85396e-03
-2.69169e+00	-6.24658e-02	1.63491e-01	-7.13791e-02	-5.98538e-03
-2.68769e+00	4.79501e-01	-2.90269e-02	-3.23224e-02	3.55786e-03
-2.68368e+00	-5.47772e-01	-4.09617e-02	-5.43547e-03	6.68192e-03
-2.67968e+00	3.51795e-01	-1.31712e-01	1.10019e-02	-1.25351e-03
-2.67568e+00	-2.27457e-01	-2.77297e-02	3.63166e-02	-9.20369e-03
-2.67167e+00	-8.64458e-02	-7.14693e-02	-2.02267e-02	2.38640e-03
-2.66767e+00	2.14214e-01	-2.19285e-02	-1.91301e-02	1.07719e-02
-2.66366e+00	-2.96132e-01	-2.25583e-02	-9.01739e-03	-2.17804e-02
-2.65966e+00	1.34623e-01	-7.28364e-02	2.19848e-02	1.14005e-03
-2.65566e+00	-2.35726e-02	-1.14468e-01	3.36576e-03	1.41137e-03
-2.65165e+00	-4.42342e-01	-3.77687e-02	3.55978e-02	3.49953e-03
-2.64765e+00	6.08125e-02	1.46259e-03	-2.44106e-02	-3.78676e-03
-2.64364e+00	1.83535e-01	-8.95671e-02	1.30012e-02	3.38181e-03
-2.63964e+00	2.01709e-01	3.52239e-02	1.22440e-02	-5.54088e-03
-2.63564e+00	-1.78979e-01	-1.44128e-02	-5.19881e-02	2.55297e-03
-2.63163e+00	-5.10317e-03	-2.60656e-02	9.37264e-03	1.14814e-02
-2.62763e+00	1.96796e-01	9.11733e-02	5.50139e-02	-9.07692e-04
-2.62362e+00	1.68687e-01	2.30618e-01	-3.78773e-02	-1.07922e-02
-2.61962e+00	-1.23120e-01	8.47643e-02	-2.01463e-02	-1.03371e-03
-2.61562e+00	-4.02137e-01	6.42691e-02	-3.21527e-02	4.34096e-03
-2.61161e+00	8.62040e-02	4.72004e-04	3.57043e-02	-2.70224e-03
-2.60761e+00	1.00392e-01	1.29787e-02	-1.75985e-02	1.66128e-02
-2.60360e+00	4.73826e-01	5.81429e-02	2.37600e-02	-4.41169e-03
-2.59960e+00	-4.91355e-01	-5.52980e-02	-5.20119e-02	-4.25077e-03
-2.59560e+00	-1.12037e-01	-1.49256e-01	-5.76342e-02	1.62967e-02
-2.59159e+00	1.37315e-01	4.29112e-02	3.15392e-02	2.98641e-03
-2.58759e+00	-3.20902e-02	-7.01866e-02	1.87620e-02	5.35309e-03
-2.58358e+00	6.41553e-01	3.93717e-02	8.85672e-03	1.33364e-02
-2.57958e+00	-1.16123e-01	-8.30542e-02	3.05814e-02	-6.55184e-03
-2.57558e+00	-7.47491e-01	-1.25342e-01	2.13742e-03	-1.85701e-03
-2.57157e+00	2.30801e-01	-1.40343e-01	4.42419e-03	8.69491e-03
-2.56757e+00	-4.42409e-01	2.81101e-02	-2.76665e-02	-7.96660e-03
-2.56356e+00	4.15804e-01	1.95454e-01	3.00593e-04	2.38862e-03
-2.55956e+00	1.27701e-01	2.00438e-02	-3.47951e-02	-1.16341e-02
-2.55556e+00	-1.08835e-01	4.90504e-02	-2.81664e-02	5.09317e-03
-2.55155e+00	-3.09924e-01	1.43809e-02	-1.50914e-02	2.23566e-02
-2.54755e+00	5.87344e-01	2.30096e-02	4.38720e-03	-1.62538e-03
-2.54354e+00	9.78847e-02	2.36548e-01	5.06861e-02	-4.02267e-03
-2.53954e+00	-1.54668e-01	-7.81268e-02	1.19385e-02	1.66109e-02
-2.53554e+00	-2.19741e-01	-1.58889e-02	1.28434e-02	-9.38005e-03
-2.53153e+00	-5.70451e-02	-6.73709e-02	1.71800e-02	-3.76592e-03
-2.52753e+00	3.97272e-01	7.14048e-02	3.80633e-02	-3.27904e-04
-2.52352e+00	6.04230e-01	2.55189e-02	1.83545e-02	6.06995e-03
-2.51952e+00	8.59917e-03	-3.27262e-02	2.01350e-03	-1.08904e-02
-2.51552e+00	1.35070e-01	7.42107e-02	-1.36940e-02	-9.67776e-03
-2.51151e+00	1.02257e-01	-1.00570e-01	1.88858e-02	3.04441e-03
-2.50751e+00	-5.21449e-01	1.19421e-02	-5.32375e-02	-1.89141e-03
-2.50350e+00	4.43788e-02	2.00442e-02	1.31971e-03	-1.67601e-02
-2.49950e+00	-1.57495e-01	1.57385e-01	2.98280e-02	-1.72360e-02
-2.49550e+00	-1.35274e-01	5.38628e-02	-7.20847e-03	-1.73213e-02
-2.49149e+00	-4.77107e-02	3.30607e-03	1.82406e-02	1.98097e-04
-2.48749e+00	-9.14154e-01	-1.34175e-01	5.45272e-03	4.53133e-03
-2.48348e+00	-2.32283e-01	-1.47091e-01	1.85002e-02	6.67068e-03
-2.47948e+00	2.39136e-01	5.90631e-02	-1.56048e-02	-1.06199e-02
-2.47548e+00	3.81981e-02	-7.00184e-02	5.28499e-02	-2.01084e-02
-2.47147e+00	-1.63144e-01	-2.41191e-02	1.25419e-02	5.92231e-03
-2.46747e+00	-1.07789e-01	-8.69417e-02	4.45912e-03	-8.42053e-04
-2.46346e+00	-3.41524e-01	1.81603e-02	-3.76500e-02	-1.77467e-04
-2.45946e+00	-2.20534e-01	2.27880e-02	-6.10790e-03	-4.06095e-03
-2.45546e+00	-1.84360e-01	1.74472e-01	-4.57141e-02	-3.11564e-03
-2.45145e+00	-5.88580e-02	1.81787e-01	-9.12594e-03	1.90175e-02
-2.44745e+00	1.85929e-01	1.06163e-01	-3.88688e-02	-1.53850e-03
-2.44344e+00	-6.65387e-03	1.08399e-01	-2.02278e-03	5.10788e-03
-2.43944e+00	-2.52227e-02	-1.16967e-01	4.81321e-03	-2.17130e-02
-2.43544e+00	-2.64213e-01	1.27577e-01	-1.53227e-02	-1.48734e-02
-2.43143e+00	3.09467e-01	-9.41572e-02	5.16368e-02	-7.81704e-03
-2.42743e+00	7.44647e-02	-1.59945e-01	4.32883e-02	1.46793e-03
-2.42342e+00	1.79000e-01	3.16625e-01	4.47115e-02	3.61658e-03
-2.41942e+00	6.93457e-02	3.18667e-02	1.86805e-02	2.50979e-02
-2.41542e+00	2.55421e-01	-6.62937e-02	2.46658e-02	-1.75733e-02
-2.41141e+00	4.78303e-01	7.92589e-04	-2.07839e-02	-1.72815e-02
-2.40741e+00	-1.36494e-01	6.90094e-03	4.16833e-03	-2.81181e-03
-2.40340e+00	1.71573e-01	-2.07003e-01	-3.54939e-02	-8.69425e-03
-2.39940e+00	2.14813e-01	-7.15550e-02	7.58461e-03	-1.03859e-02
-2.39540e+00	-2.77234e-03	5.29319e-02	3.61181e-02	9.52894e-03
-2.39139e+00	6.04609e-01	3.55403e-03	-3.48125e-02	-4.26678e-03
-2.38739e+00	-3.09466e-01	-1.66289e-01	-6.60544e-03	4.68522e-03
-2.38338e+00	-1.53728e-01	-4.91492e-02	-4.63616e-02	2.03445e-03
-2.37938e+00	2.46335e-02	-1.50067e-02	1.91723e-02	-1.60065e-02
-2.37538e+00	8.28548e-03	8.13323e-03	3.89222e-02	7.65861e-03
-2.37137e+00	-7.04504e-02	-1.67878e-01	3.61591e-02	-2.56306e-03
-2.36737e+00	-1.51696e-01	2.55336e-02	-3.24344e-02	-6.62155e-03
-2.36336e+00	2.60757e-01	1.52905e-01	-2.24216e-02	-1.53187e-03
-2.35936e+00	-1.91012e-02	-1.59273e-01	-3.23054e-03	3.93345e-03
-2.35536e+00	-2.55121e-01	4.38790e-02	-1.24949e-02	1.10496e-02
-2.35135e+00	5.41647e-01	1.34365e-01	-1.66827e-02	1.02090e-03
-2.34735e+00	2.88450e-01	3.80348e-02	-7.98328e-02	-1.72468e-02
-2.34334e+00	4.70813e-01	5.89064e-02	2.01335e-02	8.34327e-03
-2.33934e+00	-8.45848e-03	-4.75038e-02	-7.41308e-03	-5.46478e-03
-2.33534e+00	6.05837e-01	-1.85189e-02	2.19260e-02	1.84521e-02
-2.33133e+00	2.90827e-01	-1.14472e-01	8.36513e-03	6.10034e-03
-2.32733e+00	-5.71771e-01	-1.21506e-02	-9.41898e-02	6.54147e-03
-2.32332e+00	-4.00125e-01	-5.52618e-02	-9.52836e-03	-3.41027e-03
-2.31932e+00	1.84560e-01	-6.58033e-02	2.48582e-02	-8.43250e-03
-2.31532e+00	-3.67419e-02	1.44725e-01	3.30510e-02	-7.29900e-03
-2.31131e+00	-4.54774e-02	-1.17057e-02	-1.00313e-02	-1.29661e-02
-2.30731e+00	3.39872e-01	6.29935e-02	1.64601e-02	-8.23677e-03
-2.30330e+00	5.38279e-01	3.75307e-02	7.52562e-03	1.18193e-02
-2.29930e+00	1.23719e-01	-1.01489e-01	2.91522e-02	-5.98259e-03
-2.29530e+00	4.02658e-02	-1.88986e-01	6.20946e-02	-5.95717e-04
-2.29129e+00	7.11807e-01	-1.43376e-01	-2.88221e-02	1.55739e-02
-2.28729e+00	-3.37666e-03	2.75941e-02	6.64058e-02	-4.98710e-03
-2.28328e+00	-1.42476e-01	-3.01208e-02	6.78195e-03	-2.01447e-03
-2.27928e+00	-1.88171e-01	7.59503e-02	-2.52677e-02	6.91337e-03
-2.27528e+00	-2.32639e-01	-3.79947e-02	-2.56252e-02	1.99411e-03
-2.27127e+00	2.58342e-02	-1.32230e-01	3.72416e-03	4.62602e-03
-2.26727e+00	-2.72227e-01	9.63316e-03	4.36467e-03	-3.78359e-03
-2.26326e+00	-5.87681e-01	1.10105e-01	1.29942e-02	-1.76894e-03
-2.25926e+00	-4.06317e-01	2.65419e-02	2.61522e-02	1.61990e-02
-2.25526e+00	1.37939e-01	-1.85955e-02	1.14346e-02	2.02149e-02
-2.25125e+00	3.45094e-01	-4.20933e-02	-3.23979e-02	-3.43590e-04
-2.24725e+00	3.80296e-01	1.26812e-01	-2.18247e-02	-7.74063e-03
-2.24324e+00	7.31392e-01	9.14307e-02	-2.39982e-02	-9.08279e-04
-2.23924e+00	-3.42784e-01	-4.29651e-02	-1.86718e-02	-5.77424e-03
-2.23524e+00	4.31504e-01	-1.34639e-01	1.12309e-02	-7.18552e-03
-2.23123e+00	2.58296e-02	-9.13550e-02	1.07744e-02	-1.97438e-02
-2.22723e+00	-1.47926e-01	3.33327e-02	-7.19539e-03	-1.55009e-02
-2.22322e+00	-1.34833e-01	-1.09259e-01	-3.15860e-02	-2.93754e-04
-2.21922e+00	2.81324e-01	-3.86951e-02	-1.03043e-02	-6.47092e-03
-2.21522e+00	2.05469e-01	-1.22435e-02	1.88803e-02	1.32228e-02
-2.21121e+00	-5.71164e-01	-6.59778e-02	-4.09850e-03	-1.85121e-02
-2.20721e+00	3.24037e-01	-6.24477e-02	4.55475e-02	-9.28690e-03
-2.20320e+00	2.60961e-01	-2.26312e-02	-2.58799e-02	5.02759e-03
-2.19920e+00	-7.47348e-02	-5.50841e-02	9.30276e-03	4.69004e-03
-2.19520e+00	-3.10304e-01	-1.34227e-01	3.64096e-02	-4.40212e-03
-2.19119e+00	-2.43365e-01	7.36589e-02	-2.72040e-02	-1.00343e-02
-2.18719e+00	-3.90896e-01	-9.19549e-02	-1.77388e-03	-2.37125e-02
-2.18318e+00	-1.58793e-02	1.03504e-01	-3.84137e-02	-4.75825e-03
-2.17918e+00	-1.22906e-01	-3.43407e-02	-2.94441e-02	4.69541e-03
-2.17518e+00	-9.86457e-02	-3.07883e-02	-4.57672e-02	-1.20967e-03
-2.17117e+00	7.00017e-02	1.29557e-01	-2.95594e-02	-1.36920e-02
-2.16717e+00	-9.40224e-02	2.61089e-02	1.16255e-02	9.55756e-03
-2.16316e+00	-5.36700e-01	-4.02272e-02	-7.59425e-03	7.36965e-03
-2.15916e+00	-1.89329e-01	-8.26956e-02	1.84373e-02	-1.90366e-03
-2.15516e+00	-1.65497e-01	-5.17217e-02	3.25000e-02	8.22042e-04
-2.15115e+00	-5.42593e-01	3.99909e-02	1.14651e-02	7.36499e-04
-2.14715e+00	2.80076e-01	8.47134e-02	2.45229e-02	1.78381e-03
-2.14314e+00	-6.85153e-01	4.80110e-03	2.38746e-02	7.71842e-03
-2.13914e+00	1.33488e-01	-4.92923e-02	7.45450e-02	-3.60322e-03
-2.13514e+00	-9.32268e-02	3.35437e-02	2.39449e-02	1.58899e-02
-2.13113e+00	-1.15186e-01	6.71214e-02	-4.71811e-02	-1.14474e-02
-2.12713e+00	2.04807e-01	-4.21662e-02	9.35302e-03	-3.21951e-03
-2.12312e+00	-9.59853e-02	1.44313e-01	2.11054e-02	-8.00874e-03
-2.11912e+00	-7.17325e-02	-3.64281e-02	2.98094e-02	-6.65742e-03
-2.11512e+00	-2.75618e-01	8.98288e-02	2.58402e-02	-1.65194e-02
-2.11111e+00	3.55996e-01	9.68344e-02	-1.55554e-02	1.16574e-02
-2.10711e+00	3.13577e-01	5.66274e-03	8.75681e-04	7.62817e-04
-2.10310e+00	2.17071e-01	-8.46665e-03	1.09160e-02	-1.26919e-03
-2.09910e+00	1.67997e-01	8.72010e-02	6.82220e-03	9.62153e-04
-2.09510e+00	2.29720e-01	-1.80366e-01	6.41625e-02	-7.10756e-03
-2.09109e+00	2.19542e-01	3.37401e-03	-5.07393e-02	-3.69954e-03
-2.08709e+00	1.24626e-01	6.91386e-03	2.70589e-02	8.97374e-03
-2.08308e+00	1.99737e-01	3.65587e-02	3.75180e-02	-6.65676e-04
-2.07908e+00	-2.24238e-01	-8.84860e-02	-1.86764e-02	5.11022e-03
-2.07508e+00	9.28023e-03	-1.41018e-01	1.56740e-02	6.55365e-03
-2.07107e+00	1.74044e-01	-2.63838e-01	-2.81448e-03	1.02816e-02
-2.06707e+00	-2.29418e-01	5.45102e-02	-3.26798e-02	-5.34972e-03
-2.06306e+00	2.41716e-04	1.07801e-01	3.18354e-03	-7.45260e-03
-2.05906e+00	-5.92963e-02	-4.44330e-02	5.27510e-02	3.79446e-03
-2.05506e+00	3.92573e-01	2.37933e-01	-1.26221e-02	-9.42830e-03
-2.05105e+00	1.49414e-01	-6.40975e-02	1.98439e-02	1.17559e-02
-2.04705e+00	3.46103e-01	-1.31128e-01	-3.54599e-02	-1.07334e-02
-2.04304e+00	1.96906e-01	-1.45688e-02	-2.91454e-02	1.09161e-02
-2.03904e+00	3.19148e-01	1.05785e-02	-3.91821e-02	1.62645e-02
-2.03504e+00	-2.98826e-02	6.82352e-02	-4.53687e-02	-1.28850e-02
-2.03103e+00	3.64145e-02	1.21040e-02	-2.98052e-02	1.18211e-02
-2.02703e+00	-1.98641e-01	-7.63621e-02	-2.84492e-02	5.18985e-03
-2.02302e+00	1.22561e-01	-1.52302e-01	-1.39793e-02	1.15658e-03
-2.01902e+00	9.72170e-01	-5.86693e-02	-5.19732e-02	-2.37965e-03
-2.01502e+00	3.08595e-02	-1.36374e-01	-1.60281e-02	-1.85702e-03
-2.01101e+00	-1.44183e-02	7.23595e-02	-2.45051e-02	8.82919e-03
-2.00701e+00	2.71404e-01	-1.03628e-02	-2.51000e-02	-6.46701e-03
-2.00300e+00	-4.94460e-01	-1.85301e-01	-1.00192e-02	-6.09796e-03
-1.99900e+00	3.56777e-01	3.65595e-02	3.70545e-02	3.09031e-02
-1.99499e+00	-2.68026e-01	-9.22408e-02	-1.51722e-04	1.59150e-02
-1.99099e+00	1.79462e-01	1.35038e-01	1.33141e-02	1.08726e-02
-1.98699e+00	8.74676e-02	5.21979e-03	5.01378e-02	9.58008e-03
-1.98298e+00	-2.11952e-02	2.29233e-02	2.16490e-02	-2.53737e-04
-1.97898e+00	-2.26823e-01	-7.87379e-02	4.09157e-03	-1.73955e-02
-1.97497e+00	1.31966e-01	5.23016e-02	3.43429e-02	-1.91028e-03
-1.97097e+00	3.55617e-01	6.49030e-03	7.05148e-02	7.61438e-03
-1.96697e+00	2.15871e-01	2.16167e-02	-1.63479e-02	6.71557e-03
-1.96296e+00	4.41483e-01	-3.20273e-02	2.68279e-02	1.60443e-02
-1.95896e+00	-4.39110e-01	6.43380e-02	-2.57408e-02	1.22216e-02
-1.95495e+00	6.09133e-03	-2.43921e-01	-3.94799e-02	4.53827e-03
-1.95095e+00	-4.27019e-01	1.65680e-02	-2.14216e-02	-5.51727e-03
-1.94695e+00	3.62509e-02	1.04821e-01	-2.33161e-03	-2.82671e-03
-1.94294e+00	1.71279e-01	-1.90667e-02	-6.20354e-02	5.10618e-03
-1.93894e+00	-2.42757e-01	5.78134e-02	-5.05520e-02	-4.71008e-03
-1.93493e+00	4.05665e-01	-5.95495e-02	-1.80459e-03	-4.44757e-03
-1.93093e+00	-1.50163e-01	1.72748e-02	1.89915e-02	1.45437e-02
-1.92693e+00	1.97146e-01	-5.83977e-02	2.48382e-02	-1.33781e-03
-1.92292e+00	-1.09952e-01	1.14503e-01	1.38299e-02	-1.58124e-02
-1.91892e+00	-2.39803e-01	4.69943e-02	-5.68592e-03	-2.19275e-02
-1.91491e+00	-2.33112e-01	1.37593e-01	1.67606e-02	2.45193e-03
-1.91091e+00	-4.58858e-01	-4.17599e-03	7.88308e-02	-4.79060e-03
-1.90691e+00	4.80905e-01	-5.93092e-03	6.25124e-02	-3.97420e-03
-1.90290e+00	-7.73884e-01	3.13304e-02	-1.87780e-03	-1.39620e-03
-1.89890e+00	-4.07948e-01	1.44839e-01	4.47283e-02	3.72326e-04
-1.89489e+00	-6.27577e-01	-2.39015e-01	-1.96246e-02	-1.01910e-02
-1.89089e+00	-4.24677e-01	-1.67655e-01	1.10933e-02	-2.53469e-04
-1.88689e+00	-8.82857e-01	1.26675e-01	4.56705e-03	-2.19566e-02
-1.88288e+00	1.90428e-01	1.89353e-01	2.41376e-02	-9.33874e-03
-1.87888e+00	1.27891e-02	-2.04774e-02	-3.84197e-02	-3.94165e-03
-1.87487e+00	-3.26005e-01	1.35381e-01	1.97407e-02	2.77388e-03
-1.87087e+00	-4.11405e-01	2.17019e-01	5.33243e-03	2.77814e-03
-1.86687e+00	-4.16782e-01	1.89696e-02	1.03963e-02	1.26676e-02
-1.86286e+00	-8.80553e-02	-4.55527e-02	-3.25276e-02	1.68232e-02
-1.85886e+00	-6.39442e-01	-4.77194e-02	-1.24460e-02	4.44960e-03
-1.85485e+00	1.28619e-01	-2.56130e-02	-4.88300e-02	-8.26575e-03
-1.85085e+00	-2.84055e-02	7.98674e-02	-2.32068e-02	5.33260e-03
-1.84685e+00	-1.08233e-01	-1.70647e-02	-3.06709e-02	1.25269e-02
-1.84284e+00	2.06252e-01	2.03731e-01	-1.10562e-02	1.12825e-02
-1.83884e+00	1.09334e-01	-3.39681e-02	5.35188e-03	1.02479e-03
-1.83483e+00	-1.08999e-01	-7.15856e-02	2.68148e-02	-1.45560e-02
-1.83083e+00	9.73537e-03	5.44520e-02	-3.38067e-02	-1.28871e-02
-1.82683e+00	-4.21683e-02	2.35311e-02	9.28515e-03	-3.66105e-03
-1.82282e+00	-1.97970e-01	4.62526e-02	3.43577e-02	5.20620e-03
-1.81882e+00	3.51468e-01	-2.09388e-01	3.03995e-02	-5.89407e-03
-1.81481e+00	3.80158e-01	-1.50003e-02	-5.04208e-02	-1.56883e-02
-1.81081e+00	2.28892e-02	-1.83353e-01	2.31484e-02	1.32099e-02
-1.80681e+00	-3.24686e-01	1.85339e-02	-5.33688e-03	-4.52561e-03
-1.80280e+00	-3.70926e-01	7.64989e-02	4.36839e-02	1.00037e-02
-1.79880e+00	7.93745e-02	1.17958e-01	2.93871e-02	4.37104e-03
-1.79479e+00	-8.36809e-02	7.52968e-02	-1.10315e-02	-1.30526e-02
-1.79079e+00	-2.57154e-01	4.84078e-02	8.51989e-03	5.51431e-04
-1.78679e+00	4.17474e-02	7.75438e-02	1.61545e-02	6.73866e-03
-1.78278e+00	-3.74620e-01	-5.66613e-03	-7.78293e-02	-6.85732e-03
-1.77878e+00	1.07650e-01	-3.85014e-03	-1.94160e-02	-6.94317e-03
-1.77477e+00	-5.03464e-01	1.02045e-01	-1.25051e-02	3.20326e-03
-1.77077e+00	-7.75948e-01	1.08728e-01	-3.62003e-02	-1.03785e-02
-1.76677e+00	-6.58135e-02	-4.70830e-02	-7.05937e-02	-6.81691e-03
-1.76276e+00	-3.10513e-01	-1.79728e-01	2.65643e-02	1.32581e-02
-1.75876e+00	4.84182e-01	-2.29532e-01	-1.94096e-02	-3.43829e-03
-1.75475e+00	4.34076e-01	-1.62258e-01	3.70669e-02	4.54658e-03
-1.75075e+00	-1.93569e-01	-1.00007e-01	-3.03022e-02	-4.88813e-03
-1.74675e+00	-3.05709e-01	4.47118e-02	3.01405e-02	-1.54366e-02
-1.74274e+00	-6.84302e-02	-7.75841e-02	2.22449e-02	-4.78443e-03
-1.73874e+00	-9.99541e-02	-8.53344e-03	1.77054e-02	-5.61535e-03
-1.73473e+00	4.38076e-01	3.69391e-02	-3.28244e-02	2.01081e-03
-1.73073e+00	-1.10141e-01	-1.38621e-01	-5.63884e-03	-5.03047e-03
-1.72673e+00	3.81216e-01	-8.50250e-02	-1.48608e-02	1.01039e-02
-1.72272e+00	3.91251e-01	-7.49382e-02	-3.03543e-02	-2.05581e-02
-1.71872e+00	7.96807e-01	-8.01789e-02	-1.40729e-02	3.88990e-03
-1.71471e+00	-1.19993e-01	-4.39249e-02	-5.12660e-02	-5.32222e-03
-1.71071e+00	-1.50293e-01	7.87179e-02	-4.97725e-03	9.64597e-03
-1.70671e+00	5.29911e-01	-5.07471e-02	-6.24418e-03	6.82443e-04
-1.70270e+00	-2.33493e-01	6.94311e-02	-2.62901e-02	1.63185e-02
-1.69870e+00	-5.74112e-01	3.40327e-02	2.01543e-02	-4.08516e-03
-1.69469e+00	2.74259e-02	1.91856e-02	-3.31596e-02	-3.17511e-03
-1.69069e+00	1.58195e-01	9.75032e-02	-7.84824e-03	4.75253e-03
-1.68669e+00	-1.14785e-01	2.14016e-01	1.65992e-02	1.05348e-02
-1.68268e+00	-1.10899e-01	1.46733e-01	6.74273e-03	-1.20793e-02
-1.67868e+00	-4.30990e-01	-1.58403e-01	-7.58117e-02	-2.65005e-02
-1.67467e+00	5.44798e-01	5.29912e-02	-2.44260e-02	-1.90414e-03
-1.67067e+00	6.36795e-02	-1.24684e-01	-1.28421e-02	2.48910e-03
-1.66667e+00	-1.73194e-01	-2.01080e-01	-1.74975e-02	1.52319e-02
-1.66266e+00	1.27064e-01	-1.21071e-01	-4.27845e-02	-2.60697e-03
-1.65866e+00	2.63859e-01	-2.18191e-01	-1.36345e-03	9.18142e-04
-1.65465e+00	-3.31501e-01	-1.13128e-01	-5.30095e-03	6.70473e-03
-1.65065e+00	7.12345e-02	1.35430e-01	4.04643e-02	-6.18476e-03
-1.64665e+00	-1.52539e-01	-4.76487e-02	3.54868e-03	-1.01400e-02
-1.64264e+00	5.22002e-01	2.68072e-01	2.23093e-02	-2.29921e-03
-1.63864e+00	5.02567e-02	3.90817e-02	-4.12351e-03	-1.77664e-02
-1.63463e+00	-3.55657e-01	1.00400e-01	-5.77263e-02	5.05545e-03
-1.63063e+00	-3.51214e-02	-1.45994e-02	-4.65892e-02	-1.03635e-02
-1.62663e+00	1.42002e-01	-2.79578e-02	-2.37615e-02	-1.55561e-02
-1.62262e+00	6.64263e-01	-7.83368e-02	-1.37157e-02	5.85404e-04
-1.61862e+00	1.25123e-02	1.60817e-02	1.82258e-02	4.78398e-03
-1.61461e+00	1.80747e-01	-1.48294e-01	-2.63878e-02	-2.34531e-03
-1.61061e+00	3.79703e-01	-8.50066e-02	-1.98843e-02	5.30902e-03
-1.60661e+00	1.60888e-01	-1.06922e-01	8.09074e-03	7.54179e-03
-1.60260e+00	-2.75043e-01	1.68338e-02	-1.77736e-02	6.81867e-03
-1.59860e+00	-5.09331e-02	1.51590e-01	-3.88460e-02	-2.07920e-03
-1.59459e+00	-2.08023e-01	2.15753e-01	-1.75203e-02	2.65347e-03
-1.59059e+00	2.23495e-01	-1.75570e-01	-2.15122e-02	-5.52270e-03
-1.58659e+00	4.87091e-01	3.46747e-02	2.18565e-02	1.50969e-02
-1.58258e+00	-6.93856e-03	-6.54101e-02	7.01830e-03	-7.19973e-03
-1.57858e+00	3.33545e-01	-1.08148e-01	1.72639e-02	-1.15256e-02
-1.57457e+00	-2.20334e-01	1.03380e-02	-1.45385e-02	-6.26177e-03
-1.57057e+00	5.03755e-02	-4.71864e-02	6.69363e-02	-6.94262e-03
-1.56657e+00	-5.58048e-02	5.11188e-03	3.45009e-03	-1.27855e-02
-1.56256e+00	5.15533e-01	7.68506e-02	-2.90875e-02	-1.27694e-02
-1.55856e+00	9.29596e-02	-9.35481e-02	-4.18561e-02	1.72934e-02
-1.55455e+00	2.42772e-01	-1.52711e-02	3.11959e-03	6.71332e-04
-1.55055e+00	-1.07893e-01	-1.70036e-01	-1.28591e-02	-9.23767e-03
-1.54655e+00	-2.00300e-01	-3.83253e-02	-4.27506e-02	1.06711e-02
-1.54254e+00	1.24816e-01	9.88852e-02	-1.48569e-02	-9.58446e-03
-1.53854e+00	-2.58813e-01	-1.74570e-01	-5.14822e-02	1.53424e-02
-1.53453e+00	-4.30617e-01	3.90851e-02	2.15799e-02	-2.91629e-03
-1.53053e+00	-9.55379e-02	-1.35200e-01	6.14655e-02	-7.68654e-03
-1.52653e+00	5.05703e-01	2.18994e-02	2.34084e-02	1.32030e-02
-1.52252e+00	-1.24063e-01	-4.50292e-02	-1.02198e-02	-5.57705e-03
-1.51852e+00	6.98321e-02	-2.78529e-02	4.29958e-02	8.94434e-05
-1.51451e+00	-1.87751e-01	-1.60389e-01	9.20318e-03	7.27161e-03
-1.51051e+00	-6.48391e-01	-9.11069e-02	-7.01708e-02	2.90381e-03
-1.50651e+00	1.35059e-04	-1.93021e-02	-4.57352e-03	-6.39049e-03
-1.50250e+00	5.35582e-01	7.16789e-03	2.48871e-03	-2.10629e-02
-1.49850e+00	-1.04838e-01	-1.91313e-02	1.77789e-02	-7.82105e-03
-1.49449e+00	-3.63708e-01	-6.41230e-02	-5.19486e-03	6.82497e-03
-1.49049e+00	-3.13278e-01	1.32855e-01	3.71158e-02	1.07642e-02
-1.48649e+00	1.15167e-01	-1.94463e-02	-4.20075e-02	2.45634e-03
-1.48248e+00	-1.32920e-01	-7.75897e-02	7.77672e-02	9.27113e-03
-1.47848e+00	3.11048e-01	-7.58647e-02	4.27605e-02	3.22814e-03
-1.47447e+00	-8.72046e-02	-7.55987e-03	-7.80366e-03	1.45225e-02
-1.47047e+00	-6.59501e-01	9.29004e-02	9.10789e-03	1.49913e-02
-1.46647e+00	-1.38973e-01	-4.24568e-02	-2.75964e-02	-5.83315e-03
-1.46246e+00	2.25130e-01	8.71566e-02	-2.94331e-02	2.01611e-04
-1.45846e+00	3.24600e-01	2.26524e-02	2.40824e-03	6.01276e-03
-1.45445e+00	4.06332e-01	-5.63326e-02	3.11694e-02	1.28333e-02
-1.45045e+00	3.16456e-01	-8.17222e-02	2.92777e-02	1.47652e-03
-1.44645e+00	3.39436e-01	1.77344e-02	6.74039e-02	-5.14833e-03
-1.44244e+00	5.98946e-01	-1.03327e-02	-1.03037e-02	-2.99040e-04
-1.43844e+00	4.85230e-01	-9.04991e-02	-7.05230e-03	-1.33298e-02
-1.43443e+00	5.55260e-02	-7.94343e-02	-8.64662e-02	-5.32201e-03
-1.43043e+00	-1.50562e-01	5.39128e-02	-9.75715e-03	-8.59534e-03
-1.42643e+00	-8.84643e-02	5.21664e-02	4.62035e-03	1.82305e-03
-1.42242e+00	2.22191e-01	-3.11400e-02	1.19321e-03	-2.44132e-03
-1.41842e+00	3.82058e-01	8.26128e-02	-2.04804e-02	1.14566e-02
-1.41441e+00	-7.82851e-02	-3.49941e-02	-4.07114e-02	1.96432e-03
-1.41041e+00	4.78348e-01	-1.15503e-02	-1.29975e-02	-1.13353e-02
-1.40641e+00	-2.29248e-01	1.23482e-01	6.95874e-02	4.39261e-03
-1.40240e+00	-1.47151e-01	-5.39921e-02	-2.93790e-02	-9.95212e-03
-1.39840e+00	-1.22365e-01	-2.04296e-01	8.42559e-05	2.07316e-03
-1.39439e+00	-2.09327e-01	-1.28888e-01	-3.66072e-02	2.44526e-02
-1.39039e+00	2.75087e-01	2.90849e-02	3.68257e-02	-4.37642e-03
-1.38639e+00	-5.91618e-02	-2.15792e-02	2.48693e-02	2.01666e-03
-1.38238e+00	5.85507e-01	2.75134e-01	5.07045e-03	1.14581e-02
-1.37838e+00	-1.93801e-03	-1.41508e-01	-1.50330e-03	-1.01509e-02
-1.37437e+00	5.90170e-01	-2.43869e-02	4.67661e-02	1.25432e-02
-1.37037e+00	-7.68423e-01	4.02507e-03	1.82707e-02	-4.00828e-03
-1.36637e+00	1.14417e-01	-1.37383e-01	-1.11684e-04	8.32695e-03
-1.36236e+00	8.96453e-02	1.07919e-01	4.32173e-03	-5.33797e-03
-1.35836e+00	6.11960e-01	7.43931e-02	4.86669e-02	1.73071e-02
-1.35435e+00	8.27644e-02	1.54286e-01	1.56482e-02	1.19320e-02
-1.35035e+00	5.62620e-01	6.87522e-02	8.50209e-03	-6.86127e-03
-1.34635e+00	5.98536e-01	-3.55017e-01	1.79798e-02	1.82921e-02
-1.34234e+00	-1.96161e-01	-9.67053e-02	-3.11772e-03	-2.79439e-03
-1.33834e+00	-3.76519e-01	3.11790e-02	-3.12187e-02	8.06608e-03
-1.33433e+00	2.71385e-01	-8.15069e-02	1.16248e-02	1.77877e-03
-1.33033e+00	-2.57750e-01	2.83370e-02	-5.13016e-02	-4.87249e-05
-1.32633e+00	-4.96962e-02	-6.62379e-03	-2.19509e-02	2.03099e-02
-1.32232e+00	-1.80638e-01	-5.47497e-02	3.34551e-02	-1.53862e-02
-1.31832e+00	3.18791e-02	6.80562e-03	-2.19645e-02	-1.51745e-02
-1.31431e+00	1.88606e-01	5.12974e-02	8.54171e-03	8.11881e-03
-1.31031e+00	2.25219e-01	1.14310e-01	-6.80742e-03	-2.16356e-02
-1.30631e+00	4.28936e-02	-8.93945e-02	8.77395e-03	8.21655e-03
-1.30230e+00	-2.99439e-01	-5.71772e-02	1.33954e-02	1.30702e-02
-1.29830e+00	-2.67822e-01	-7.20643e-02	-1.58406e-02	-1.48640e-02
-1.29429e+00	9.24342e-02	8.47896e-02	-6.71847e-02	-3.25261e-04
-1.29029e+00	-6.90737e-01	1.57263e-01	3.22917e-02	-5.98763e-03
-1.28629e+00	-3.71392e-01	1.05572e-01	-1.76430e-02	9.32679e-03
-1.28228e+00	-4.95140e-01	1.34101e-01	9.00627e-03	-6.33268e-03
-1.27828e+00	-1.03706e-01	2.49275e-02	3.06603e-02	8.03789e-03
-1.27427e+00	1.53440e-01	-8.01706e-02	-3.42285e-02	-7.64305e-03
-1.27027e+00	7.47800e-01	6.79748e-02	3.97235e-02	1.07740e-02
-1.26627e+00	-1.30507e-03	1.72638e-01	2.34377e-02	3.72814e-03
-1.26226e+00	-3.37617e-01	5.06060e-02	3.87000e-03	-1.18589e-02
-1.25826e+00	-1.43425e-01	9.29211e-02	-1.13459e-02	-1.15110e-02
-1.25425e+00	1.44902e-01	-1.54350e-01	3.81116e-02	5.66488e-04
-1.25025e+00	3.23136e-01	5.71056e-02	1.40969e-02	-1.97805e-02
-1.24625e+00	-1.45172e-01	-1.53922e-02	1.68339e-02	9.15747e-03
-1.24224e+00	-1.45776e-03	5.53329e-02	8.51565e-02	1.47646e-02
-1.23824e+00	3.75002e-01	1.27678e-01	1.75392e-02	6.61348e-03
-1.23423e+00	7.07526e-02	-6.39412e-02	3.72048e-02	-1.14747e-02
-1.23023e+00	2.54222e-02	1.50593e-01	-1.60277e-03	2.40486e-03
-1.22623e+00	-1.04693e-01	-9.43394e-02	5.69926e-02	2.23771e-02
-1.22222e+00	-1.21630e-01	4.08317e-03	-3.00725e-03	1.25768e-02
-1.21822e+00	3.34570e-01	3.06956e-02	-3.14645e-02	5.45798e-03
-1.21421e+00	-1.68125e-01	1.06682e-01	-5.26301e-04	8.74114e-03
-1.21021e+00	-1.49482e-02	-3.23146e-02	-5.42662e-02	1.34341e-02
-1.20621e+00	-3.26922e-01	-9.35874e-02	3.97687e-02	1.92075e-03
-1.20220e+00	1.90921e-01	1.41661e-01	-3.74463e-02	-1.06516e-03
-1.19820e+00	7.87964e-02	3.62643e-02	8.90640e-03	-2.69777e-03
-1.19419e+00	1.39628e-01	-1.91368e-01	2.89143e-02	1.61532e-03
-1.19019e+00	-8.51481e-03	3.19922e-02	1.52658e-02	-2.32278e-03
-1.18619e+00	-2.34672e-01	-1.70059e-01	1.18127e-02	-7.64116e-03
-1.18218e+00	-2.69790e-02	7.90916e-02	-2.73371e-02	-9.29658e-03
-1.17818e+00	-4.06071e-01	1.38717e-01	-1.74085e-03	6.07867e-03
-1.17417e+00	-1.07073e-01	-1.82778e-02	2.94219e-02	-5.65111e-03
-1.17017e+00	7.29597e-01	-9.08393e-02	-2.41465e-02	-9.41179e-03
-1.16617e+00	5.28832e-01	1.22693e-01	-3.90762e-02	-1.37134e-02
-1.16216e+00	2.74415e-01	-5.10703e-02	-2.20938e-02	-1.37356e-02
-1.15816e+00	1.38528e-01	-8.18472e-02	2.70198e-02	6.86609e-03
-1.15415e+00	2.61380e-01	-1.26177e-01	-8.68253e-03	-3.64055e-03
-1.15015e+00	1.23171e-01	-1.46765e-01	7.04780e-03	6.19051e-03
-1.14615e+00	2.94645e-01	2.75779e-02	-5.51765e-02	1.21540e-02
-1.14214e+00	3.81296e-01	-3.31746e-02	-2.44327e-02	-2.66830e-03
-1.13814e+00	-3.22950e-01	7.88484e-02	-2.21195e-02	7.25452e-03
-1.13413e+00	-6.03962e-02	-5.66940e-03	-4.00322e-02	2.89595e-02
-1.13013e+00	-8.58585e-03	-2.09686e-02	3.71241e-02	-3.35367e-03
-1.12613e+00	-1.75544e-01	-1.72147e-01	3.28843e-02	4.47610e-03
-1.12212e+00	-3.14388e-01	-7.75464e-02	-4.95597e-02	-3.05473e-03
-1.11812e+00	4.02280e-01	1.04430e-02	7.90154e-03	1.11695e-02
-1.11411e+00	2.11181e-01	-4.28145e-02	-3.05335e-02	-4.00223e-03
-1.11011e+00	-2.88013e-01	1.27505e-01	-5.24134e-03	-4.17153e-03
-1.10611e+00	-3.32886e-01	-1.83143e-01	1.44449e-03	6.62979e-03
-1.10210e+00	1.35092e-01	-1.81198e-02	5.40609e-02	-2.17528e-04
-1.09810e+00	-2.17830e-01	1.14576e-02	1.17142e-02	-6.84637e-03
-1.09409e+00	-3.78935e-01	-7.22358e-02	-2.07589e-02	-2.16682e-02
-1.09009e+00	-7.82531e-02	1.12003e-02	2.62906e-02	-1.40787e-02
-1.08609e+00	-2.67128e-01	1.66127e-01	2.77016e-02	-5.40657e-03
-1.08208e+00	2.68673e-01	-1.05039e-01	4.37368e-03	7.88313e-03
-1.07808e+00	7.29402e-01	-3.50882e-02	7.09056e-02	6.98927e-03
-1.07407e+00	-5.37888e-01	-1.41908e-01	-5.27363e-03	5.46187e-03
-1.07007e+00	2.64842e-01	7.27938e-02	-1.45163e-02	1.02782e-02
-1.06607e+00	1.33585e-01	-1.20605e-01	1.72722e-02	-1.99371e-03
-1.06206e+00	-2.66439e-01	-8.58194e-02	-4.11824e-02	3.81571e-03
-1.05806e+00	3.04103e-01	1.42295e-01	-1.30135e-02	-6.18543e-04
-1.05405e+00	-2.80929e-01	8.23420e-02	-1.70788e-02	4.49231e-03
-1.05005e+00	-5.95220e-01	-7.55970e-02	4.32116e-02	-1.85500e-03
-1.04605e+00	-3.55223e-01	1.01654e-01	2.23525e-02	1.03277e-02
-1.04204e+00	1.82831e-01	-6.59096e-02	1.92131e-02	-1.56169e-02
-1.03804e+00	1.29751e-01	1.06027e-02	2.90871e-02	2.36192e-02
-1.03403e+00	3.17067e-01	1.83437e-01	2.84413e-02	-2.70255e-03
-1.03003e+00	1.55196e-01	2.25716e-01	1.03461e-03	-1.23211e-02
-1.02603e+00	3.98559e-01	-4.43152e-02	-4.47733e-02	-1.14503e-02
-1.02202e+00	-6.33978e-01	-3.00110e-03	-5.31535e-02	-4.12685e-04
-1.01802e+00	-9.62930e-02	1.03909e-01	1.19475e-03	1.30180e-02
-1.01401e+00	-1.14855e-01	6.07512e-02	5.26033e-02	-9.43306e-03
-1.01001e+00	-1.83047e-02	-2.33022e-02	2.62785e-02	4.19023e-03
-1.00601e+00	3.37473e-01	-2.09470e-02	3.31297e-02	-8.25772e-03
-1.00200e+00	-2.13904e-01	-7.84028e-02	5.67255e-02	9.54672e-03
-9.97998e-01	7.98328e-02	-2.27198e-01	-1.53409e-02	-5.51671e-03
-9.93994e-01	-6.04206e-01	-1.56652e-02	-2.00371e-02	-7.97515e-03
-9.89990e-01	-2.89461e-01	-1.19787e-01	3.48451e-02	2.17641e-02
-9.85986e-01	2.97300e-01	-2.27940e-02	-2.26742e-02	2.79476e-03
-9.81982e-01	-5.51332e-01	2.46830e-01	6.95708e-02	1.30821e-02
-9.77978e-01	4.47414e-01	3.38860e-03	2.81638e-02	9.57491e-03
-9.73974e-01	-1.53087e-01	1.50953e-01	-2.00941e-02	2.10269e-03
-9.69970e-01	1.66895e-01	-1.11071e-01	-1.18112e-02	1.35340e-02
-9.65966e-01	-3.71972e-01	1.27557e-01	1.65032e-02	-1.14082e-03
-9.61962e-01	2.38691e-01	-1.67361e-01	2.25439e-02	5.46056e-03
-9.57958e-01	-4.46055e-04	-2.79926e-02	3.69482e-02	-1.55378e-02
-9.53954e-01	3.96569e-01	2.90753e-02	1.07507e-02	-1.22196e-02
-9.49950e-01	-1.72896e-01	6.20103e-02	-3.20886e-02	7.65226e-03
-9.45946e-01	-2.32540e-01	-1.24262e-02	2.94552e-03	-3.54102e-03
-9.41942e-01	-2.39093e-01	-1.08222e-01	-4.85791e-02	-4.10171e-03
-9.37938e-01	6.24457e-01	-1.21768e-01	1.82216e-02	3.84242e-03
-9.33934e-01	-1.04264e-01	-7.22157e-02	1.80902e-02	-2.62905e-02
-9.29930e-01	-5.08815e-01	-1.01917e-01	4.63843e-03	-3.60303e-03
-9.25926e-01	2.99963e-01	-5.79086e-02	-2.92739e-02	-1.07987e-02
-9.21922e-01	7.89065e-03	-9.50524e-02	4.02602e-02	4.72329e-03
-9.17918e-01	-1.12537e-01	1.24206e-01	3.12408e-02	3.05479e-04
-9.13914e-01	1.63432e-01	2.69916e-02	-2.25110e-02	-1.53200e-02
-9.09910e-01	2.80646e-01	2.83467e-02	-4.21944e-02	-9.93477e-04
-9.05906e-01	-2.01494e-01	-8.38984e-02	3.17568e-02	-2.25783e-03
-9.01902e-01	3.50689e-02	2.76812e-02	1.92428e-02	5.24338e-03
-8.97898e-01	-9.82377e-02	3.23012e-02	1.13603e-03	-6.25700e-03
-8.93894e-01	-1.82811e-01	-9.36049e-02	8.07488e-03	-1.34949e-02
-8.89890e-01	1.50374e-01	-1.18917e-01	2.20462e-02	-7.55759e-04
-8.85886e-01	2.28116e-01	-1.93494e-01	-1.36351e-02	5.01297e-03
-8.81882e-01	-4.33275e-01	8.72793e-02	4.91390e-02	3.60896e-03
-8.77878e-01	3.51053e-01	-1.01215e-01	1.09621e-02	6.60595e-03
-8.73874e-01	4.70673e-02	4.67379e-03	-2.42384e-02	-9.36748e-03
-8.69870e-01	-7.46410e-02	8.31109e-03	-1.56043e-02	-8.51920e-03
-8.65866e-01	-5.02322e-01	9.12163e-03	4.75776e-02	-6.69131e-03
-8.61862e-01	-8.13375e-02	-6.38205e-02	-2.05503e-02	6.17255e-03
-8.57858e-01	-2.19967e-02	-2.26351e-02	-3.35355e-02	2.83641e-03
-8.53854e-01	3.28241e-02	-3.06915e-02	3.65157e-02	3.50976e-03
-8.49850e-01	-1.38034e-01	1.34957e-01	1.00958e-02	1.01750e-02
-8.45846e-01	2.92857e-01	-1.15618e-01	6.96817e-02	6.77656e-03
-8.41842e-01	4.95854e-01	-2.05912e-02	-8.47196e-03	-1.74162e-03
-8.37838e-01	3.93270e-01	1.06640e-01	2.01771e-02	1.61605e-03
-8.33834e-01	-7.29061e-02	4.21068e-02	-6.12506e-04	2.22808e-02
-8.29830e-01	1.06127e-01	-1.08821e-01	1.36691e-02	1.44168e-02
-8.25826e-01	1.28617e-01	7.93152e-02	-5.02720e-02	-4.48536e-03
-8.21822e-01	-1.96630e-01	-2.70184e-01	7.89464e-03	-1.86463e-02
-8.17818e-01	-3.63258e-03	-4.92590e-02	2.41316e-02	-3.92421e-03
-8.13814e-01	-1.86485e-01	1.56775e-01	-1.81270e-04	1.34230e-03
-8.09810e-01	2.17424e-02	4.98461e-02	-1.13744e-02	-1.99763e-02
-8.05806e-01	5.09138e-01	7.91608e-02	8.19171e-04	1.30288e-02
-8.01802e-01	-5.91455e-02	-9.29531e-03	-6.60681e-02	1.41933e-02
-7.97798e-01	-2.31087e-01	-3.80216e-02	3.92713e-02	-1.16517e-04
-7.93794e-01	4.35584e-01	6.95916e-02	1.08195e-02	-3.92172e-03
-7.89790e-01	2.76088e-01	2.31706e-01	1.74113e-02	7.51406e-03
-7.85786e-01	-1.66147e-01	-2.68399e-02	2.07035e-02	7.31077e-03
-7.81782e-01	-2.33059e-01	1.43702e-01	9.06977e-03	-1.28090e-03
-7.77778e-01	4.46164e-01	-5.39303e-02	4.48524e-02	-5.56332e-03
-7.73774e-01	9.92019e-03	-4.30072e-02	-3.53837e-02	2.57586e-03
-7.69770e-01	5.85827e-02	6.50735e-02	-2.36183e-03	1.86149e-02
-7.65766e-01	1.10453e-01	-9.02053e-02	3.42829e-02	-1.45503e-02
-7.61762e-01	-1.98926e-01	9.42276e-02	-4.60098e-04	1.71803e-02
-7.57758e-01	3.44335e-01	-1.68327e-01	2.03311e-02	-1.83623e-02
-7.53754e-01	7.44127e-01	-2.42075e-01	-5.12248e-02	-8.36934e-03
-7.49750e-01	-7.86719e-01	-1.58921e-02	1.10284e-02	5.74474e-03
-7.45746e-01	6.26022e-02	3.28882e-02	3.42605e-02	1.10951e-02
-7.41742e-01	2.98949e-01	1.27540e-01	-7.08388e-02	-8.63487e-03
-7.37738e-01	-2.51666e-01	1.19668e-02	-7.45173e-03	-1.83801e-03
-7.33734e-01	2.83772e-02	9.54429e-02	-3.96288e-02	-8.16182e-03
-7.29730e-01	5.39463e-02	2.40560e-02	-3.25777e-02	-1.54122e-02
-7.25726e-01	-1.89658e-01	6.79497e-02	1.87471e-02	1.14096e-02
-7.21722e-01	2.23436e-01	-9.68770e-02	3.44768e-02	-4.81365e-03
-7.17718e-01	3.84169e-01	-7.64071e-03	-6.62375e-03	3.05794e-04
-7.13714e-01	7.05902e-02	-5.97790e-02	-1.64192e-02	2.11302e-02
-7.09710e-01	1.16898e-01	-2.36989e-02	5.69920e-02	3.41773e-03
-7.05706e-01	-1.72819e-01	2.29665e-01	-2.72352e-03	-2.62034e-04
-7.01702e-01	3.53698e-01	-1.40416e-01	1.20360e-02	7.20278e-03
-6.97698e-01	-2.85461e-02	3.41771e-03	-1.10024e-02	2.40320e-03
-6.93694e-01	1.39348e-01	-3.20901e-02	1.60432e-02	-1.20641e-02
-6.89690e-01	3.71492e-01	3.79383e-02	-3.86483e-02	7.34276e-03
-6.85686e-01	-9.39956e-02	1.79268e-01	6.81923e-04	8.40139e-05
-6.81682e-01	-6.14062e-02	9.12315e-02	-2.80086e-02	-8.89939e-04
-6.77678e-01	2.86366e-02	-6.56914e-02	-6.05965e-03	7.61917e-03
-6.73674e-01	-7.06186e-02	-1.43377e-01	2.18044e-02	1.95517e-03
-6.69670e-01	-4.01270e-01	8.47993e-02	6.19595e-02	-5.47957e-03
-6.65666e-01	1.52550e-01	-9.92118e-02	-1.42948e-02	-1.20740e-02
-6.61662e-01	-4.55853e-01	-7.15263e-02	1.68630e-02	6.51187e-03
-6.57658e-01	-9.62765e-02	4.65350e-02	-1.44534e-02	7.87448e-03
-6.53654e-01	-4.45372e-01	-1.52245e-01	2.82854e-03	2.03237e-03
-6.49650e-01	4.11554e-01	1.55625e-01	8.79931e-02	9.17342e-04
-6.45646e-01	2.70028e-02	1.02821e-02	5.73413e-03	-8.97419e-04
-6.41642e-01	1.51458e-01	-2.34089e-02	-1.88771e-02	-1.18306e-03
-6.37638e-01	-8.31164e-02	8.07825e-02	3.16931e-02	-2.10051e-03
-6.33634e-01	5.01803e-01	8.06213e-02	2.92451e-02	1.43359e-02
-6.29630e-01	-1.27750e-01	-2.49171e-02	-4.81197e-02	1.16061e-02
-6.25626e-01	3.64200e-01	1.10233e-01	-2.02413e-02	-3.72854e-03
-6.21622e-01	3.64650e-01	3.67311e-02	-1.41675e-02	7.39723e-03
-6.17618e-01	-1.66208e-01	1.10000e-01	-8.02164e-03	-5.79779e-03
-6.13614e-01	1.35775e-01	2.63475e-02	3.31753e-03	-7.16811e-03
-6.09610e-01	4.00345e-02	-1.91093e-02	-1.77202e-02	-1.22259e-03
-6.05606e-01	6.68819e-01	1.74875e-01	1.37066e-02	2.07275e-03
-6.01602e-01	-3.14400e-01	-7.83206e-02	1.48866e-02	-5.65465e-03
-5.97598e-01	-5.01078e-01	6.33085e-02	-2.66444e-02	-1.43922e-02
-5.93594e-01	9.82996e-02	2.02239e-01	1.18876e-02	8.00347e-03
-5.89590e-01	-3.06617e-01	-4.13348e-02	-3.54762e-02	-4.46123e-03
-5.85586e-01	-1.86305e-01	6.34636e-02	2.60853e-02	2.29611e-04
-5.81582e-01	1.04808e-01	3.19553e-02	-6.76238e-03	5.84733e-03
-5.77578e-01	-4.10480e-01	-3.48245e-02	2.27693e-02	8.33905e-04
-5.73574e-01	3.38902e-01	-3.55352e-04	-3.14162e-02	2.26660e-04
-5.69570e-01	1.33261e-01	6.17786e-02	2.47248e-02	3.57501e-03
-5.65566e-01	4.49805e-01	2.32848e-01	-8.73622e-03	5.48728e-03
-5.61562e-01	-9.86158e-02	8.86429e-02	-2.29698e-03	-5.76478e-03
-5.57558e-01	2.88725e-01	-2.44084e-02	-8.59248e-03	3.52029e-03
-5.53554e-01	-3.53830e-01	-1.97312e-01	2.12267e-02	6.06751e-03
-5.49550e-01	7.61588e-02	2.49063e-02	5.70073e-02	3.52778e-03
-5.45546e-01	3.55258e-01	2.60981e-02	2.83375e-02	-1.52266e-02
-5.41542e-01	-2.04982e-01	-7.91476e-02	9.31716e-04	1.14746e-02
-5.37538e-01	2.76297e-02	1.00934e-01	-2.36399e-02	-1.04025e-02
-5.33534e-01	5.16932e-01	3.90879e-02	2.65847e-03	1.94532e-02
-5.29530e-01	-2.48082e-01	5.86909e-02	-3.15467e-02	-6.61334e-03
-5.25526e-01	-3.51135e-01	-4.86177e-02	-2.76147e-03	-2.19458e-03
-5.21522e-01	2.95235e-01	-6.83842e-02	2.97922e-02	1.08946e-02
-5.17518e-01	-7.42580e-03	-4.67409e-02	-2.76542e-03	-1.35799e-02
-5.13514e-01	-3.48063e-01	-1.11056e-01	3.77208e-02	4.63963e-03
-5.09510e-01	-2.82614e-01	-5.22518e-02	-1.57512e-02	7.35908e-03
-5.05506e-01	1.09503e-01	7.26871e-02	1.38393e-02	5.38223e-03
-5.01502e-01	7.74425e-02	-2.25531e-01	1.04404e-02	-7.26775e-03
-4.97497e-01	-1.11175e-01	-1.77193e-01	-4.42722e-02	4.55582e-03
-4.93493e-01	7.24403e-02	2.66414e-03	-1.64982e-02	-9.79030e-03
-4.89489e-01	1.78495e-01	3.28556e-02	3.17846e-02	2.99432e-03
-4.85485e-01	-2.31145e-01	-9.48754e-02	-3.59724e-02	-5.51016e-03
-4.81481e-01	-1.01108e-01	5.36535e-02	-4.83688e-03	1.90211e-03
-4.77477e-01	-2.29462e-01	1.25913e-01	-3.07973e-02	-8.14659e-03
-4.73473e-01	4.23724e-01	6.83878e-02	-3.09610e-02	4.14485e-03
-4.69469e-01	-4.04342e-01	-1.56323e-01	-2.91225e-02	-4.90317e-03
-4.65465e-01	5.10443e-01	-7.30366e-02	2.60497e-02	-8.49905e-03
-4.61461e-01	-1.80153e-01	-8.53573e-02	2.31370e-04	-2.20410e-02
-4.57457e-01	-6.13860e-04	-3.38467e-02	1.18597e-02	4.73408e-03
-4.53453e-01	3.02835e-01	-6.70942e-02	-1.75225e-02	1.74189e-02
-4.49449e-01	2.33348e-01	-8.41204e-02	-3.90034e-03	-5.51259e-03
-4.45445e-01	-1.07909e-01	1.91040e-01	2.65166e-02	1.44378e-02
-4.41441e-01	2.81051e-01	-3.32382e-02	-4.06549e-02	-1.78828e-03
-4.37437e-01	-3.72991e-01	-1.51727e-02	-2.39163e-02	-8.05236e-03
-4.33433e-01	4.36944e-01	2.87195e-02	3.23568e-02	9.09662e-04
-4.29429e-01	3.67064e-01	-1.73123e-01	5.36815e-02	-3.98366e-03
-4.25425e-01	5.97167e-03	-1.14046e-01	-2.71789e-02	7.06158e-03
-4.21421e-01	1.27861e-01	4.71257e-02	1.40304e-02	-8.45362e-03
-4.17417e-01	3.09912e-01	3.53036e-02	-3.92651e-02	1.45864e-03
-4.13413e-01	-1.03445e-01	-1.15907e-01	2.09928e-02	3.07212e-03
-4.09409e-01	1.72702e-01	1.12795e-01	4.43910e-03	1.50168e-03
-4.05405e-01	2.17581e-01	-6.40406e-03	-3.17890e-02	3.13521e-03
-4.01401e-01	1.17938e-01	1.44862e-02	1.64121e-02	-3.91864e-03
-3.97397e-01	-4.48840e-01	1.13005e-02	4.03592e-02	-1.44174e-02
-3.93393e-01	-1.05711e-01	-5.45613e-02	-4.54793e-03	3.81674e-03
-3.89389e-01	-6.24433e-01	-1.82618e-01	-2.79073e-02	-8.94632e-03
-3.85385e-01	-1.20523e-01	-1.24922e-02	-3.47577e-02	1.17318e-02
-3.81381e-01	-2.49081e-01	-1.55803e-01	-3.85775e-02	-2.38575e-03
-3.77377e-01	-2.95624e-02	-1.56585e-02	1.34085e-02	9.43556e-03
-3.73373e-01	1.20286e-01	2.16739e-02	1.16718e-02	1.81819e-02
-3.69369e-01	2.63564e-01	2.08861e-02	-2.36890e-02	-2.30366e-03
-3.65365e-01	-4.40107e-02	-1.37365e-01	2.51071e-02	-4.75524e-03
-3.61361e-01	1.41548e-02	3.81203e-02	-3.22364e-02	1.25774e-02
-3.57357e-01	3.22115e-01	-1.19360e-01	4.87209e-02	4.85529e-03
-3.53353e-01	4.12001e-01	2.71114e-02	-6.53407e-02	2.31698e-03
-3.49349e-01	7.10464e-02	6.25580e-02	-6.41968e-03	3.66005e-03
-3.45345e-01	2.74925e-01	1.62412e-01	2.63935e-02	-4.81841e-03
-3.41341e-01	-2.27864e-01	-2.02130e-01	3.33892e-03	1.34492e-02
-3.37337e-01	5.04798e-01	8.63064e-02	4.93192e-03	-1.21872e-03
-3.33333e-01	-2.05721e-01	-1.23496e-02	-1.22149e-02	1.49670e-02
-3.29329e-01	-2.38301e-01	-3.11664e-03	6.65613e-02	-4.47130e-04
-3.25325e-01	1.75202e-01	-5.12079e-02	-9.52452e-03	1.95918e-02
-3.21321e-01	-1.49319e-02	2.91436e-02	2.78008e-02	8.69941e-03
-3.17317e-01	-4.95183e-01	-1.93525e-02	4.48127e-02	-2.45177e-02
-3.13313e-01	3.48111e-01	-5.44910e-02	-3.35881e-03	5.55937e-03
-3.09309e-01	2.28209e-01	-4.54948e-02	5.41759e-02	2.09654e-02
-3.05305e-01	5.30486e-01	7.10893e-02	2.34988e-02	6.27243e-03
-3.01301e-01	1.03919e-01	5.98455e-02	-3.63657e-02	4.17637e-03
-2.97297e-01	2.34978e-01	1.22105e-01	-2.86020e-03	1.65312e-02
-2.93293e-01	-3.50566e-01	4.98488e-02	8.96224e-03	2.81944e-02
-2.89289e-01	6.03246e-01	6.41713e-04	3.54040e-02	2.26504e-02
-2.85285e-01	7.67009e-01	-9.67493e-02	3.96257e-02	1.82207e-02
-2.81281e-01	-1.01444e-01	5.06187e-02	4.11834e-02	2.42925e-02
-2.77277e-01	-1.98304e-01	-9.25359e-03	-2.43532e-02	2.65882e-02
-2.73273e-01	3.40162e-01	4.60506e-02	-2.43494e-02	2.20976e-02
-2.69269e-01	-3.32366e-01	1.14099e-01	6.91900e-02	3.06172e-02
-2.65265e-01	7.82258e-02	-1.96344e-02	5.56900e-02	2.95210e-02
-2.61261e-01	-9.68693e-03	-1.52796e-02	4.59809e-02	3.99611e-02
-2.57257e-01	2.97954e-01	1.06310e-02	8.54452e-02	4.27613e-02
-2.53253e-01	-5.82120e-01	6.17431e-02	9.88892e-02	2.62081e-02
-2.49249e-01	8.38026e-02	2.48462e-01	2.03460e-02	3.92988e-02
-2.45245e-01	1.32252e-01	-3.78626e-02	5.07519e-02	3.71218e-02
-2.41241e-01	-5.05587e-01	1.88476e-01	6.81145e-02	5.54437e-02
-2.37237e-01	9.73047e-03	3.84169e-02	6.37664e-02	3.71829e-02
-2.33233e-01	2.64845e-01	1.55672e-01	7.22955e-02	6.47018e-02
-2.29229e-01	-3.31161e-01	7.82439e-02	7.84129e-02	8.28547e-02
-2.25225e-01	-1.57238e-02	2.57360e-02	1.13518e-01	8.35201e-02
-2.21221e-01	1.48807e-01	6.06380e-02	-3.64349e-04	1.00673e-01
-2.17217e-01	-7.07566e-02	1.90386e-01	9.43127e-02	9.43529e-02
-2.13213e-01	6.00487e-01	2.29682e-01	9.50840e-02	9.76254e-02
-2.09209e-01	3.55410e-01	2.08195e-01	9.72715e-02	9.37456e-02
-2.05205e-01	-6.12297e-02	6.54136e-02	1.26344e-01	1.48145e-01
-2.01201e-01	2.36982e-01	3.23081e-03	1.49006e-01	1.35021e-01
-1.97197e-01	5.00045e-01	1.83169e-01	1.34071e-01	1.53738e-01
-1.93193e-01	2.33207e-01	2.07511e-01	1.55287e-01	1.60066e-01
-1.89189e-01	3.43137e-01	-8.42327e-02	1.14847e-01	1.63149e-01
-1.85185e-01	3.83401e-01	1.82445e-01	1.44785e-01	1.76825e-01
-1.81181e-01	4.27460e-01	4.03278e-01	1.81917e-01	1.68477e-01
-1.77177e-01	-2.10158e-01	1.89287e-01	2.02743e-01	1.98068e-01
-1.73173e-01	9.23258e-03	1.58834e-01	1.89513e-01	2.19012e-01
-1.69169e-01	1.27498e-01	1.38314e-01	2.01756e-01	2.32479e-01
-1.65165e-01	-2.49509e-01	7.45462e-02	2.75024e-01	2.62918e-01
-1.61161e-01	-1.70414e-01	2.23957e-01	2.77165e-01	2.77467e-01
-1.57157e-01	4.03956e-01	3.21001e-01	3.34400e-01	2.85797e-01
-1.53153e-01	4.22998e-01	2.11110e-01	3.26759e-01	2.97654e-01
-1.49149e-01	6.21194e-01	3.54157e-01	2.91950e-01	3.36628e-01
-1.45145e-01	4.64378e-01	4.27562e-01	2.78608e-01	3.47962e-01
-1.41141e-01	1.26861e-01	3.10009e-01	3.73742e-01	3.72680e-01
-1.37137e-01	3.85527e-01	4.39719e-01	3.83316e-01	3.93959e-01
-1.33133e-01	1.85629e-01	4.68759e-01	4.29747e-01	4.11015e-01
-1.29129e-01	7.08651e-01	4.30151e-01	4.63334e-01	4.41594e-01
-1.25125e-01	-2.06870e-02	6.52762e-01	4.50787e-01	4.59397e-01
-1.21121e-01	7.51998e-01	3.52997e-01	4.84922e-01	4.80684e-01
-1.17117e-01	6.61189e-01	5.31183e-01	4.80865e-01	4.93029e-01
-1.13113e-01	7.71909e-01	4.34761e-01	5.65424e-01	5.27834e-01
-1.09109e-01	3.68455e-01	4.79254e-01	5.53071e-01	5.60599e-01
-1.05105e-01	6.37932e-01	6.19691e-01	5.58751e-01	5.71506e-01
-1.01101e-01	5.86876e-01	7.09142e-01	5.85386e-01	6.03863e-01
-9.70971e-02	1.46360e-01	6.41143e-01	6.81632e-01	6.30482e-01
-9.30931e-02	8.01658e-01	7.78840e-01	6.64419e-01	6.81661e-01
-8.90891e-02	8.12400e-01	5.79426e-01	6.85735e-01	6.65255e-01
-8.50851e-02	4.61310e-01	7.30117e-01	7.06955e-01	6.94261e-01
-8.10811e-02	1.11199e+00	6.66764e-01	7.34221e-01	7.15555e-01
-7.70771e-02	1.84831e-01	6.67276e-01	7.57945e-01	7.27682e-01
-7.30731e-02	6.35718e-01	5.02530e-01	7.65887e-01	7.67523e-01
-6.90691e-02	6.64196e-01	8.63806e-01	8.41913e-01	7.91042e-01
-6.50651e-02	5.83532e-01	9.96714e-01	8.01658e-01	8.05605e-01
-6.10611e-02	6.19965e-01	8.79887e-01	8.03251e-01	8.29473e-01
-5.70571e-02	1.00253e+00	9.87414e-01	8.36730e-01	8.48758e-01
-5.30531e-02	5.92404e-01	8.74621e-01	9.06131e-01	8.65701e-01
-4.90490e-02	9.08445e-01	7.63621e-01	9.11377e-01	8.78127e-01
-4.50450e-02	7.69088e-01	8.16277e-01	9.40585e-01	8.96331e-01
-4.10410e-02	8.78639e-01	8.38964e-01	9.12458e-01	9.10060e-01
-3.70370e-02	1.54477e+00	1.04395e+00	9.38485e-01	9.40701e-01
-3.30330e-02	7.75552e-01	8.98866e-01	8.89529e-01	9.46644e-01
-2.90290e-02	1.23877e+00	9.67885e-01	9.88643e-01	9.62022e-01
-2.50250e-02	9.81148e-01	8.35858e-01	9.65774e-01	9.62162e-01
-2.10210e-02	9.88103e-01	9.59842e-01	9.79920e-01	9.56485e-01
-1.70170e-02	3.83967e-01	8.23039e-01	1.01767e+00	9.86123e-01
-1.30130e-02	1.31437e+00	9.21326e-01	9.82924e-01	9.97830e-01
-9.00901e-03	1.04481e+00	1.07190e+00	1.00957e+00	1.00739e+00
-5.00501e-03	8.61500e-01	1.16971e+00	9.76048e-01	9.80532e-01
-1.00100e-03	1.01179e+00	1.04849e+00	9.83132e-01	1.00292e+00
3.00300e-03	9.65078e-01	1.00927e+00	1.01668e+00	1.00113e+00
7.00701e-03	1.57688e+00	1.10487e+00	9.90851e-01	9.98010e-01
1.10110e-02	6.43941e-01	1.06676e+00	9.44446e-01	9.92850e-01
1.50150e-02	8.11218e-01	7.43904e-01	9.71782e-01	1.00824e+00
1.90190e-02	1.06518e+00	8.02920e-01	1.07408e+00	9.70497e-01
2.30230e-02	1.56018e+00	8.90510e-01	9.89430e-01	9.75859e-01
2.70270e-02	1.04551e+00	8.76775e-01	9.70938e-01	9.68554e-01
3.10310e-02	1.30437e+00	7.92971e-01	9.40060e-01	9.33227e-01
3.50350e-02	1.17847e+00	8.72647e-01	8.82937e-01	9.44861e-01
3.90390e-02	1.15398e+00	8.33511e-01	9.30917e-01	9.41209e-01
4.30430e-02	1.31868e+00	1.02155e+00	8.14161e-01	9.08658e-01
4.70470e-02	1.61978e+00	8.34235e-01	8.66033e-01	8.92320e-01
5.10511e-02	9.24493e-01	7.50221e-01	8.31808e-01	8.63261e-01
5.50551e-02	7.67660e-01	8.17746e-01	8.52627e-01	8.62403e-01
5.90591e-02	8.99164e-01	7.71465e-01	8.73913e-01	8.50328e-01
6.30631e-02	7.23800e-01	8.45891e-01	8.35991e-01	8.07101e-01
6.70671e-02	6.76851e-02	7.75468e-01	7.84566e-01	7.85082e-01
7.10711e-02	7.40147e-01	6.28262e-01	7.25378e-01	7.70809e-01
7.50751e-02	8.07490e-01	8.12447e-01	7.37554e-01	7.55375e-01
7.90791e-02	6.15654e-01	6.95092e-01	6.93996e-01	7.42695e-01
8.30831e-02	6.39540e-01	6.48118e-01	7.21703e-01	7.13742e-01
8.70871e-02	1.07534e+00	5.99224e-01	6.65884e-01	6.83581e-01
9.10911e-02	6.86515e-01	7.39809e-01	7.05221e-01	6.51984e-01
9.50951e-02	6.26802e-01	6.25363e-01	6.32544e-01	6.36865e-01
9.90991e-02	4.02859e-01	4.56713e-01	5.63964e-01	6.17383e-01
1.03103e-01	4.11499e-01	8.04795e-01	5.90221e-01	5.80498e-01
1.07107e-01	5.31587e-01	5.29325e-01	5.86180e-01	5.65795e-01
1.11111e-01	5.79862e-01	5.66513e-01	5.23725e-01	5.42109e-01
1.15115e-01	6.38411e-01	5.51005e-01	5.35057e-01	5.28788e-01
1.19119e-01	1.00901e+00	3.61253e-01	5.02635e-01	5.07467e-01
1.23123e-01	8.97602e-01	5.90733e-01	4.80776e-01	4.49987e-01
1.27127e-01	6.71327e-02	4.70831e-01	4.35393e-01	4.56664e-01
1.31131e-01	9.78742e-01	4.37625e-01	4.19224e-01	4.16765e-01
1.35135e-01	8.96462e-02	5.36352e-01	3.97042e-01	3.88164e-01
1.39139e-01	1.19294e+00	3.95757e-01	3.75785e-01	3.73784e-01
1.43143e-01	4.21997e-01	1.86748e-01	3.12942e-01	3.54203e-01
1.47147e-01	1.99971e-01	3.37103e-01	3.38131e-01	3.41833e-01
1.51151e-01	-3.20119e-01	4.35773e-01	2.81429e-01	3.16916e-01
1.55155e-01	1.74242e-01	4.21358e-01	3.04141e-01	2.86574e-01
1.59159e-01	7.69462e-01	3.08261e-01	2.44907e-01	2.78311e-01
1.63163e-01	1.33689e-01	9.48363e-02	3.07278e-01	2.45111e-01
1.67167e-01	1.04716e-01	3.56922e-01	2.73239e-01	2.63101e-01
1.71171e-01	-1.84127e-01	2.25345e-01	2.14032e-01	2.24646e-01
1.75175e-01	-1.55624e-01	2.34792e-01	2.80892e-01	2.22557e-01
1.79179e-01	1.78409e-02	3.28965e-01	2.36867e-01	2.07510e-01
1.83183e-01	3.00635e-01	2.27059e-01	2.13771e-01	1.80240e-01
1.87187e-01	-4.78717e-01	-1.98786e-01	1.07889e-01	1.58163e-01
1.91191e-01	3.71818e-01	-5.59127e-03	1.20756e-01	1.45467e-01
1.95195e-01	-3.32741e-03	6.60131e-02	1.26606e-01	1.56884e-01
1.99199e-01	3.91867e-01	8.38655e-03	1.27153e-01	1.36319e-01
2.03203e-01	1.25498e-01	1.42218e-01	8.53970e-02	1.37501e-01
2.07207e-01	-2.31276e-02	1.32060e-01	1.37580e-01	1.12185e-01
2.11211e-01	2.66462e-01	3.81624e-02	9.09441e-02	7.82008e-02
2.15215e-01	2.58423e-01	2.15625e-01	9.34498e-02	8.78281e-02
2.19219e-01	7.30859e-01	1.16512e-02	7.31129e-02	9.84166e-02
2.23223e-01	-3.28685e-01	4.82322e-02	8.00005e-02	8.48696e-02
2.27227e-01	-1.46350e-01	8.91426e-03	1.19044e-01	9.43591e-02
2.31231e-01	-3.17870e-01	-2.06288e-02	1.11330e-02	7.24828e-02
2.35235e-01	-1.17425e-01	6.83258e-02	3.24599e-02	4.49329e-02
2.39239e-01	-1.02652e-01	-8.22482e-02	4.22758e-02	8.19942e-02
2.43243e-01	-8.76880e-02	2.06846e-02	6.94462e-02	6.26333e-02
2.47247e-01	-1.01238e-01	1.30082e-01	1.46965e-02	3.24498e-02
2.51251e-01	-1.18818e-01	1.23958e-01	2.59854e-02	4.47905e-02
2.55255e-01	-3.65133e-02	-1.56133e-01	6.07205e-02	3.80292e-02
2.59259e-01	1.70128e-01	7.53805e-02	-4.12212e-03	2.71309e-02
2.63263e-01	3.83447e-01	-1.45372e-02	6.43895e-02	1.31247e-02
2.67267e-01	-8.72989e-02	7.31648e-02	3.89318e-02	1.86420e-02
2.71271e-01	6.03122e-01	4.24498e-02	4.32602e-02	2.79836e-02
2.75275e-01	2.98612e-01	-8.98583e-03	2.21514e-02	1.70631e-02
2.79279e-01	4.05938e-01	1.89134e-02	-1.12972e-02	1.16737e-02
2.83283e-01	-2.91878e-01	7.88789e-02	-3.24929e-02	1.85800e-02
2.87287e-01	-5.61988e-01	8.87385e-02	2.09864e-02	4.21937e-02
2.91291e-01	1.17760e-01	-6.05977e-02	3.69991e-02	1.68275e-02
2.95295e-01	1.21665e-01	-1.19957e-01	3.56801e-02	2.04722e-02
2.99299e-01	-5.26325e-01	-3.05605e-02	8.62371e-03	5.93089e-03
3.03303e-01	-4.59819e-01	1.12055e-01	6.21741e-02	-5.51871e-03
3.07307e-01	1.20230e-01	4.31796e-02	1.47494e-02	-2.37251e-03
3.11311e-01	3.35616e-01	4.72617e-02	-4.88169e-03	1.32847e-02
3.15315e-01	4.35849e-01	-3.73184e-02	1.02623e-02	7.41665e-03
3.19319e-01	-2.84273e-01	-7.04585e-02	-1.33712e-02	5.63613e-03
3.23323e-01	1.96568e-01	2.13073e-01	2.71118e-02	1.39794e-02
3.27327e-01	1.98955e-01	-5.80222e-03	5.39431e-02	2.55257e-02
3.31331e-01	-6.01118e-03	8.07135e-04	3.70223e-02	1.37612e-02
3.35335e-01	-3.29015e-01	-2.37541e-02	1.14664e-02	2.67631e-04
3.39339e-01	-3.46107e-01	1.01303e-02	-3.98736e-02	6.17013e-03
3.43343e-01	2.36928e-01	-2.91957e-02	-1.73780e-02	1.21665e-02
3.47347e-01	-5.29517e-01	-1.02022e-01	1.51448e-02	3.10345e-03
3.51351e-01	-9.11789e-02	5.13805e-02	-3.36057e-04	1.68204e-02
3.55355e-01	4.62332e-02	1.45790e-01	4.55275e-02	1.41712e-02
3.59359e-01	3.47197e-01	2.00564e-02	2.24677e-02	7.56121e-03
3.63363e-01	-1.12215e-01	-7.30568e-02	-4.39792e-02	-1.42057e-02
3.67367e-01	-4.39170e-01	6.81611e-03	2.11898e-02	-1.07874e-02
3.71371e-01	1.11072e-01	1.03042e-01	2.21553e-02	-9.07741e-03
3.75375e-01	-2.26705e-01	1.79186e-01	5.62335e-02	1.13477e-02
3.79379e-01	5.62838e-01	-1.39775e-01	3.44749e-03	4.89995e-04
3.83383e-01	-2.73824e-01	1.20441e-02	8.96042e-03	1.96543e-02
3.87387e-01	5.46277e-02	-4.27772e-02	-4.92676e-02	-6.52605e-04
3.91391e-01	6.46340e-01	5.49318e-02	-1.40856e-02	3.66219e-04
3.95395e-01	3.33742e-01	1.72945e-02	-4.68273e-02	-1.83804e-03
3.99399e-01	-5.00560e-03	-5.85192e-02	-4.33545e-03	1.31828e-02
4.03403e-01	1.51818e-01	-1.80426e-01	-2.43566e-02	1.08308e-02
4.07407e-01	7.60064e-01	-1.21169e-01	-4.04838e-02	2.11462e-03
4.11411e-01	4.43134e-01	-6.04289e-02	6.93104e-05	-4.79146e-03
4.15415e-01	-4.19898e-01	-2.71913e-02	-2.64063e-02	-3.57492e-03
4.19419e-01	5.85631e-02	1.17726e-01	4.02422e-02	-3.47886e-03
4.23423e-01	3.36865e-01	-5.93293e-02	7.05639e-02	6.94015e-03
4.27427e-01	-4.85254e-01	3.73112e-02	4.93545e-03	1.02468e-02
4.31431e-01	9.13766e-02	9.06732e-02	9.01667e-03	1.65411e-02
4.35435e-01	-2.14789e-02	2.32426e-02	-6.18520e-02	1.04588e-02
4.39439e-01	9.12557e-02	8.54388e-03	4.74158e-02	-1.07153e-02
4.43443e-01	-2.54534e-01	-6.10010e-02	-1.96734e-02	1.01141e-02
4.47447e-01	-5.77698e-01	8.41769e-02	1.24062e-02	1.30944e-03
4.51451e-01	-3.39095e-01	1.62899e-01	-6.32807e-03	-7.05422e-03
4.55455e-01	5.92924e-01	4.75851e-02	1.08957e-02	-1.97719e-03
4.59459e-01	-4.09996e-02	3.07575e-02	-2.70590e-03	-1.41732e-03
4.63463e-01	-3.00879e-01	2.35586e-02	4.15451e-03	4.12918e-05
4.67467e-01	4.64196e-01	1.03422e-01	-3.36304e-02	1.43518e-03
4.71471e-01	2.90624e-01	-3.30748e-02	4.21108e-03	-1.34014e-03
4.75475e-01	-2.72764e-01	-5.12070e-02	-4.70541e-02	-4.43417e-03
4.79479e-01	3.39940e-01	5.31966e-02	-3.42300e-03	1.23352e-02
4.83483e-01	3.51147e-01	-3.06397e-02	5.78239e-03	1.44791e-02
4.87487e-01	-2.44677e-01	8.91893e-02	-8.79831e-03	5.45798e-03
4.91491e-01	1.70732e-01	-1.46381e-01	1.03058e-02	7.04089e-04
4.95495e-01	-1.17234e-01	1.32641e-01	2.79907e-02	1.42264e-02
4.99499e-01	3.95542e-01	-7.30581e-02	-5.04028e-02	-3.68415e-03
5.03504e-01	-3.99097e-01	2.38581e-02	-4.60194e-02	-3.01054e-03
5.07508e-01	-1.29187e-01	-4.67854e-02	-1.95965e-02	5.70307e-04
5.11512e-01	2.59559e-01	7.13591e-02	1.35432e-02	9.96313e-03
5.15516e-01	-2.51491e-02	-1.41748e-01	1.09338e-02	-1.01704e-03
5.19520e-01	1.82273e-01	-1.06728e-01	-1.12355e-02	5.49364e-03
5.23524e-01	5.49461e-01	1.63239e-01	1.83456e-02	-1.00015e-03
5.27528e-01	-1.34826e-01	-9.75380e-02	6.57375e-02	2.23097e-03
5.31532e-01	-3.46529e-01	-6.98354e-02	-3.41218e-02	-1.97796e-02
5.35536e-01	4.94039e-01	6.23230e-03	-2.67550e-02	1.39677e-02
5.39540e-01	-1.38318e-01	-7.98700e-02	-5.78691e-02	1.00660e-02
5.43544e-01	1.00651e-01	1.46711e-02	4.22553e-03	-1.06016e-02
5.47548e-01	-1.84032e-01	1.17593e-01	2.51339e-02	-2.47482e-02
5.51552e-01	-4.96096e-01	6.86865e-03	-1.17476e-02	1.65686e-02
5.55556e-01	-2.99574e-01	1.72619e-01	3.44706e-02	5.90951e-04
5.59560e-01	4.14966e-01	-1.44974e-01	-7.32244e-03	9.33885e-03
5.63564e-01	-1.31279e-01	-2.84642e-02	7.70674e-03	5.92937e-03
5.67568e-01	-4.74919e-02	-8.74041e-02	3.20619e-02	4.13660e-03
5.71572e-01	9.48803e-02	3.68501e-02	1.85915e-02	1.17364e-02
5.75576e-01	3.72143e-01	-1.26167e-01	9.98290e-03	4.76004e-03
5.79580e-01	4.81923e-02	-1.75959e-01	4.51092e-02	-1.70497e-02
5.83584e-01	-8.17414e-02	-3.93533e-02	-2.89050e-02	6.79675e-03
5.87588e-01	-2.69575e-01	-1.81504e-01	-1.46966e-02	-3.40337e-03
5.91592e-01	1.84302e-01	-8.98105e-02	9.36672e-03	1.93929e-03
5.95596e-01	-6.60381e-01	-5.47302e-02	-1.12907e-02	2.19590e-03
5.99600e-01	-3.71562e-01	-1.67039e-01	-1.78307e-02	3.43219e-03
6.03604e-01	2.32846e-01	5.63919e-02	2.27805e-02	-5.57704e-03
6.07608e-01	1.41313e-01	3.05612e-02	-1.60528e-02	-5.71438e-03
6.11612e-01	-4.03772e-01	-6.27149e-02	1.24929e-02	-1.07418e-02
6.15616e-01	1.69820e-01	-1.39234e-01	-5.79870e-03	1.09703e-02
6.19620e-01	1.48459e-01	-2.75296e-02	-1.37813e-02	9.39307e-04
6.23624e-01	-3.74509e-01	-1.67850e-02	1.44597e-02	4.53217e-03
6.27628e-01	-2.26979e-02	-2.17295e-01	9.20534e-03	1.03483e-02
6.31632e-01	5.06625e-01	1.30742e-01	-6.24141e-02	-1.15603e-02
6.35636e-01	-1.56065e-01	4.35530e-02	-1.07219e-02	-1.13477e-02
6.39640e-01	-4.26131e-01	-1.75355e-01	-3.41087e-02	-1.76269e-03
6.43644e-01	5.02028e-02	1.97808e-01	3.53845e-03	6.90618e-03
6.47648e-01	-1.77136e-01	-1.53547e-02	-2.26882e-02	-8.68925e-03
6.51652e-01	-1.13433e-01	-1.47339e-01	-4.47749e-04	-7.51541e-03
6.55656e-01	1.29705e-01	-9.26045e-02	3.96416e-02	5.34178e-03
6.59660e-01	-1.73398e-02	2.62707e-02	5.38141e-02	3.14294e-03
6.63664e-01	-1.20622e-01	-1.43979e-01	2.52522e-02	5.57117e-03
6.67668e-01	-3.26261e-01	-4.73544e-02	-5.05370e-02	6.92533e-03
6.71672e-01	-2.59386e-01	-1.01506e-02	4.63969e-02	1.04453e-02
6.75676e-01	-3.23663e-01	-4.24969e-02	3.39967e-02	-1.73674e-02
6.79680e-01	-1.91370e-01	2.03667e-02	8.01442e-03	1.44680e-03
6.83684e-01	5.56726e-01	-7.12013e-02	7.68583e-02	3.68283e-03
6.87688e-01	4.66924e-02	-2.50516e-02	-1.45766e-02	-1.70140e-02
6.91692e-01	-1.73721e-01	1.90727e-02	5.67212e-02	9.32102e-04
6.95696e-01	-4.04343e-02	-2.22009e-01	-3.49906e-02	1.06744e-02
6.99700e-01	7.75796e-02	-1.91821e-01	-1.25616e-02	-1.52081e-02
7.03704e-01	8.73024e-02	-1.06708e-01	-3.70794e-02	4.22612e-04
7.07708e-01	1.00787e-01	7.98538e-03	1.77914e-02	-5.76057e-03
7.11712e-01	3.44859e-01	2.02795e-02	1.15089e-02	7.06955e-03
7.15716e-01	-1.08745e-01	-7.31122e-02	-2.05933e-02	-1.12231e-02
7.19720e-01	1.12298e-01	1.31243e-01	-4.44923e-02	-1.13054e-02
7.23724e-01	-1.95623e-01	1.13300e-01	-8.53060e-02	1.29470e-02
7.27728e-01	-5.87852e-01	-1.77106e-02	-3.01562e-02	4.82228e-03
7.31732e-01	-1.80862e-01	3.32554e-01	-4.53638e-02	1.36999e-02
7.35736e-01	4.48404e-01	-3.65310e-02	2.09053e-02	8.67083e-03
7.39740e-01	-1.12133e-01	9.83393e-02	3.40713e-02	6.15412e-03
7.43744e-01	3.23147e-01	-6.30216e-03	-6.33139e-02	1.20114e-03
7.47748e-01	1.90312e-01	-1.72485e-01	-5.52573e-02	-1.32176e-02
7.51752e-01	-1.88867e-01	1.87983e-01	-1.51457e-02	-6.80890e-05
7.55756e-01	6.05056e-01	-1.06355e-01	2.99574e-02	2.06221e-03
7.59760e-01	2.76203e-01	7.37311e-03	3.96296e-02	5.06638e-03
7.63764e-01	2.85420e-01	1.92081e-01	4.65004e-02	-9.12397e-03
7.67768e-01	-2.87651e-01	6.42731e-02	-1.25350e-02	9.13200e-04
7.71772e-01	-2.04623e-01	3.70997e-02	-2.07956e-02	1.71815e-02
7.75776e-01	2.04423e-01	-1.45420e-02	-3.26902e-02	-5.51424e-03
7.79780e-01	3.79395e-01	2.45202e-02	1.74219e-02	1.06106e-03
7.83784e-01	-8.34211e-03	1.89017e-01	2.41851e-02	1.77599e-03
7.87788e-01	5.41361e-01	-4.60960e-02	-4.83874e-02	-9.17528e-03
7.91792e-01	-4.04136e-02	-2.21539e-02	-4.42171e-03	3.62128e-03
7.95796e-01	2.27069e-01	-4.55578e-02	-1.68014e-02	2.11589e-03
7.99800e-01	1.06464e-03	-4.12049e-02	1.90419e-02	-2.37709e-02
8.03804e-01	3.45938e-01	-1.72482e-02	3.61730e-02	2.21580e-02
8.07808e-01	-1.03432e-01	6.18874e-02	3.79319e-02	1.37527e-02
8.11812e-01	-9.92488e-03	8.82095e-03	1.54158e-02	1.21086e-02
8.15816e-01	-4.76971e-01	-7.60720e-02	-1.32410e-02	8.57555e-03
8.19820e-01	9.55812e-02	1.65196e-01	-1.51048e-02	-3.42273e-03
8.23824e-01	2.83769e-02	-8.69570e-02	-3.71357e-02	-1.19915e-02
8.27828e-01	1.66998e-01	-3.30437e-02	3.68199e-02	-4.69806e-03
8.31832e-01	1.06948e-01	8.00974e-03	-2.84086e-02	5.02559e-03
8.35836e-01	-2.11662e-01	-1.68221e-01	-6.15803e-02	1.91068e-02
8.39840e-01	2.09987e-01	-1.00908e-01	-2.61524e-02	-1.00205e-02
8.43844e-01	8.25404e-01	-1.29366e-01	4.58864e-02	1.86760e-02
8.47848e-01	-2.02849e-01	-2.66430e-01	7.99523e-03	-1.05230e-02
8.51852e-01	2.94815e-01	2.13300e-01	-1.15979e-02	8.03649e-03
8.55856e-01	-1.82706e-01	-7.30353e-02	6.46047e-03	-7.26676e-04
8.59860e-01	-2.87270e-01	8.40059e-02	1.22835e-02	-1.95201e-02
8.63864e-01	-3.55064e-01	1.71941e-03	1.38491e-02	2.49966e-02
8.67868e-01	1.81947e-01	-9.94138e-02	-5.70102e-03	-1.20656e-02
8.71872e-01	1.05127e-02	-4.03898e-03	7.22398e-02	-7.07416e-03
8.75876e-01	2.76288e-01	4.04745e-02	3.34643e-02	-4.50935e-03
8.79880e-01	-6.00876e-02	-1.14281e-01	-7.83279e-02	-3.75419e-03
8.83884e-01	-3.71682e-01	1.19810e-01	-3.00863e-02	2.12870e-03
8.87888e-01	-6.27233e-02	1.19684e-01	-1.02747e-03	3.29275e-03
8.91892e-01	-2.33274e-02	-9.73765e-03	1.57222e-02	2.09207e-02
8.95896e-01	1.93658e-01	6.14347e-02	-9.00462e-03	1.42178e-02
8.99900e-01	-3.82773e-01	-1.21860e-01	-1.45037e-03	9.63223e-03
9.03904e-01	-5.82848e-01	5.71874e-02	-1.02747e-02	-6.57401e-03
9.07908e-01	1.45098e-01	-1.28310e-02	-4.16271e-02	1.07426e-02
9.11912e-01	-2.45565e-01	1.60852e-01	6.73490e-02	-1.98873e-03
9.15916e-01	-1.55196e-01	-9.57073e-02	-6.20195e-03	-2.88717e-03
9.19920e-01	1.74046e-01	2.01151e-01	7.35121e-02	5.45881e-03
9.23924e-01	5.79720e-03	2.00849e-03	-2.81512e-02	-1.19535e-02
9.27928e-01	5.21537e-02	4.45508e-02	-8.13290e-03	-2.40509e-02
9.31932e-01	3.74510e-01	1.44953e-01	-4.13892e-02	-4.13546e-03
9.35936e-01	3.37069e-01	1.10295e-01	-2.70566e-02	-8.43357e-03
9.39940e-01	1.13606e-03	-8.75864e-02	2.85249e-02	8.53352e-03
9.43944e-01	-1.68129e-01	-9.15239e-02	2.38994e-02	-2.62549e-03
9.47948e-01	-3.77509e-01	-9.14822e-02	-2.76849e-02	1.43960e-02
9.51952e-01	9.98535e-02	1.07475e-01	4.77379e-03	-5.24781e-03
9.55956e-01	7.31459e-01	-1.35698e-02	-1.39265e-02	6.26301e-03
9.59960e-01	3.31115e-01	-4.44711e-02	2.61725e-02	4.90374e-03
9.63964e-01	7.11378e-02	8.25170e-03	-2.43282e-02	3.92134e-03
9.67968e-01	-3.47183e-01	1.03577e-01	4.91980e-02	-9.69285e-03
9.71972e-01	-3.87651e-01	-1.58890e-02	-4.90264e-02	6.01517e-04
9.75976e-01	-1.67608e-01	3.09282e-02	9.19420e-03	-1.26578e-03
9.79980e-01	-1.18338e+00	-2.31540e-01	-4.78460e-02	-5.77164e-03
9.83984e-01	1.31990e-01	-6.67584e-02	-2.29472e-02	-3.05176e-03
9.87988e-01	3.93227e-01	-1.06659e-01	-3.40137e-02	-4.83278e-03
9.91992e-01	3.49697e-02	-6.39156e-02	4.89779e-02	-3.10288e-03
9.95996e-01	-1.03433e-01	-7.61968e-02	-5.13936e-03	-8.61545e-03
1.00000e+00	4.27823e-01	-4.22106e-02	1.03034e-02	-1.22002e-02
