-37.5 0
-37.475 0
-37.45 0
-37.425 0
-37.4 0
-37.375 0
-37.35 0
-37.325 0
-37.3 0
-37.275 0
-37.25 0
-37.225 0
-37.2 0
-37.175 0
-37.15 0
-37.125 0
-37.1 0
-37.075 0
-37.05 0
-37.025 0
-37 0
-36.975 0
-36.95 0
-36.925 0
-36.9 0
-36.875 0
-36.85 0
-36.825 0
-36.8 0
-36.775 0
-36.75 0
-36.725 0
-36.7 0
-36.675 0
-36.65 0
-36.625 0
-36.6 0
-36.575 0
-36.55 0
-36.525 0
-36.5 0
-36.475 0
-36.45 0
-36.425 0
-36.4 0
-36.375 0
-36.35 0
-36.325 0
-36.3 0
-36.275 0
-36.25 0
-36.225 0
-36.2 0
-36.175 0
-36.15 0
-36.125 0
-36.1 0
-36.075 0
-36.05 0
-36.025 0
-36 0
-35.975 0
-35.95 0
-35.925 0
-35.9 0
-35.875 0
-35.85 0
-35.825 0
-35.8 0
-35.775 0
-35.75 0
-35.725 0
-35.7 0
-35.675 0
-35.65 0
-35.625 0
-35.6 0
-35.575 0
-35.55 0
-35.525 0
-35.5 0
-35.475 0
-35.45 0
-35.425 0
-35.4 0
-35.375 0
-35.35 0
-35.325 0
-35.3 0
-35.275 0
-35.25 0
-35.225 0
-35.2 0
-35.175 0
-35.15 0
-35.125 0
-35.1 0
-35.075 0
-35.05 0
-35.025 0
-35 0
-34.975 0
-34.95 0
-34.925 0
-34.9 0
-34.875 0
-34.85 0
-34.825 0
-34.8 0
-34.775 0
-34.75 0
-34.725 0
-34.7 0
-34.675 0
-34.65 0
-34.625 0
-34.6 0
-34.575 0
-34.55 0
-34.525 0
-34.5 0
-34.475 0
-34.45 0
-34.425 0
-34.4 0
-34.375 0
-34.35 0
-34.325 0
-34.3 0
-34.275 0
-34.25 0
-34.225 0
-34.2 0
-34.175 0
-34.15 0
-34.125 0
-34.1 0
-34.075 0
-34.05 0
-34.025 0
-34 0
-33.975 0
-33.95 0
-33.925 0
-33.9 0
-33.875 0
-33.85 0
-33.825 0
-33.8 0
-33.775 0
-33.75 0
-33.725 0
-33.7 0
-33.675 0
-33.65 0
-33.625 0
-33.6 0
-33.575 0
-33.55 0
-33.525 0
-33.5 0
-33.475 0
-33.45 0
-33.425 0
-33.4 0
-33.375 0
-33.35 0
-33.325 0
-33.3 0
-33.275 0
-33.25 0
-33.225 0
-33.2 0
-33.175 0
-33.15 0
-33.125 0
-33.1 0
-33.075 0
-33.05 0
-33.025 0
-33 0
-32.975 0
-32.95 0
-32.925 0
-32.9 0
-32.875 0
-32.85 0
-32.825 0
-32.8 0
-32.775 0
-32.75 0
-32.725 0
-32.7 0
-32.675 0
-32.65 0
-32.625 0
-32.6 0
-32.575 0
-32.55 0
-32.525 0
-32.5 0
-32.475 0
-32.45 0
-32.425 0
-32.4 0
-32.375 0
-32.35 0
-32.325 0
-32.3 0
-32.275 0
-32.25 0
-32.225 0
-32.2 0
-32.175 0
-32.15 0
-32.125 0
-32.1 0
-32.075 0
-32.05 0
-32.025 0
-32 0
-31.975 0
-31.95 0
-31.925 0
-31.9 0
-31.875 0
-31.85 0
-31.825 0
-31.8 0
-31.775 0
-31.75 0
-31.725 0
-31.7 0
-31.675 0
-31.65 0
-31.625 0
-31.6 0
-31.575 0
-31.55 0
-31.525 0
-31.5 0
-31.475 0
-31.45 0
-31.425 0
-31.4 0
-31.375 0
-31.35 0
-31.325 0
-31.3 0
-31.275 0
-31.25 0
-31.225 0
-31.2 0
-31.175 0
-31.15 0
-31.125 0
-31.1 0
-31.075 0
-31.05 0
-31.025 0
-31 0
-30.975 0
-30.95 0
-30.925 0
-30.9 0
-30.875 0
-30.85 0
-30.825 0
-30.8 0
-30.775 0
-30.75 0
-30.725 0
-30.7 0
-30.675 0
-30.65 0
-30.625 0
-30.6 0
-30.575 0
-30.55 0
-30.525 0
-30.5 0
-30.475 0
-30.45 0
-30.425 0
-30.4 0
-30.375 0
-30.35 0
-30.325 0
-30.3 0
-30.275 0
-30.25 0
-30.225 0
-30.2 0
-30.175 0
-30.15 0
-30.125 0
-30.1 0
-30.075 0
-30.05 0
-30.025 0
-30 0
-29.975 0
-29.95 0
-29.925 0
-29.9 0
-29.875 0
-29.85 0
-29.825 0
-29.8 0
-29.775 0
-29.75 0
-29.725 0
-29.7 0
-29.675 0
-29.65 0
-29.625 0
-29.6 0
-29.575 0
-29.55 0
-29.525 0
-29.5 0
-29.475 0
-29.45 0
-29.425 0
-29.4 0
-29.375 0
-29.35 0
-29.325 0
-29.3 0
-29.275 0
-29.25 0
-29.225 0
-29.2 0
-29.175 0
-29.15 0
-29.125 0
-29.1 0
-29.075 0
-29.05 0
-29.025 0
-29 0
-28.975 0
-28.95 0
-28.925 0
-28.9 0
-28.875 0
-28.85 0
-28.825 0
-28.8 0
-28.775 0
-28.75 0
-28.725 0
-28.7 0
-28.675 0
-28.65 0
-28.625 0
-28.6 0
-28.575 0
-28.55 0
-28.525 0
-28.5 0
-28.475 0
-28.45 0
-28.425 0
-28.4 0
-28.375 0
-28.35 0
-28.325 0
-28.3 0
-28.275 0
-28.25 0
-28.225 0
-28.2 0
-28.175 0
-28.15 0
-28.125 0
-28.1 0
-28.075 0
-28.05 0
-28.025 0
-28 0
-27.975 0
-27.95 0
-27.925 0
-27.9 0
-27.875 0
-27.85 0
-27.825 0
-27.8 0
-27.775 0
-27.75 0
-27.725 0
-27.7 0
-27.675 0
-27.65 0
-27.625 0
-27.6 0
-27.575 0
-27.55 0
-27.525 0
-27.5 0
-27.475 0
-27.45 0
-27.425 0
-27.4 0
-27.375 0
-27.35 0
-27.325 0
-27.3 0
-27.275 0
-27.25 0
-27.225 0
-27.2 0
-27.175 0
-27.15 0
-27.125 0
-27.1 0
-27.075 0
-27.05 0
-27.025 0
-27 0
-26.975 0
-26.95 0
-26.925 0
-26.9 0
-26.875 0
-26.85 0
-26.825 0
-26.8 0
-26.775 0
-26.75 0
-26.725 0
-26.7 0
-26.675 0
-26.65 0
-26.625 0
-26.6 0
-26.575 0
-26.55 0
-26.525 0
-26.5 0
-26.475 0
-26.45 0
-26.425 0
-26.4 0
-26.375 0
-26.35 0
-26.325 0
-26.3 0
-26.275 0
-26.25 0
-26.225 0
-26.2 0
-26.175 0
-26.15 0
-26.125 0
-26.1 0
-26.075 0
-26.05 0
-26.025 0
-26 0
-25.975 0
-25.95 0
-25.925 0
-25.9 0
-25.875 0
-25.85 0
-25.825 0
-25.8 0
-25.775 0
-25.75 0
-25.725 0
-25.7 0
-25.675 0
-25.65 0
-25.625 0
-25.6 0
-25.575 0
-25.55 0
-25.525 0
-25.5 0
-25.475 0
-25.45 0
-25.425 0
-25.4 0
-25.375 0
-25.35 0
-25.325 0
-25.3 0
-25.275 0
-25.25 0
-25.225 0
-25.2 0
-25.175 0
-25.15 0
-25.125 0
-25.1 0
-25.075 0
-25.05 0
-25.025 0
-25 0
-24.975 0
-24.95 0
-24.925 0
-24.9 0
-24.875 0
-24.85 0
-24.825 0
-24.8 0
-24.775 0
-24.75 0
-24.725 0
-24.7 0
-24.675 0
-24.65 0
-24.625 0
-24.6 0
-24.575 0
-24.55 0
-24.525 0
-24.5 0
-24.475 0
-24.45 0
-24.425 0
-24.4 0
-24.375 0
-24.35 0
-24.325 0
-24.3 0
-24.275 0
-24.25 0
-24.225 0
-24.2 0
-24.175 0
-24.15 0
-24.125 0
-24.1 0
-24.075 0
-24.05 0
-24.025 0
-24 0
-23.975 0
-23.95 0
-23.925 0
-23.9 0
-23.875 0
-23.85 0
-23.825 0
-23.8 0
-23.775 0
-23.75 0
-23.725 0
-23.7 0
-23.675 0
-23.65 0
-23.625 0
-23.6 0
-23.575 0
-23.55 0
-23.525 0
-23.5 0
-23.475 0
-23.45 0
-23.425 0
-23.4 0
-23.375 0
-23.35 0
-23.325 0
-23.3 0
-23.275 0
-23.25 0
-23.225 0
-23.2 0
-23.175 0
-23.15 0
-23.125 0
-23.1 0
-23.075 0
-23.05 0
-23.025 0
-23 0
-22.975 0
-22.95 0
-22.925 0
-22.9 0
-22.875 0
-22.85 0
-22.825 0
-22.8 0
-22.775 0
-22.75 0
-22.725 0
-22.7 0
-22.675 0
-22.65 0
-22.625 0
-22.6 0
-22.575 0
-22.55 0
-22.525 0
-22.5 0
-22.475 0
-22.45 0
-22.425 0
-22.4 0
-22.375 0
-22.35 0
-22.325 0
-22.3 0
-22.275 0
-22.25 0
-22.225 0
-22.2 0
-22.175 0
-22.15 0
-22.125 0
-22.1 0
-22.075 0
-22.05 0
-22.025 0
-22 0
-21.975 0
-21.95 0
-21.925 0
-21.9 0
-21.875 0
-21.85 0
-21.825 0
-21.8 0
-21.775 0
-21.75 0
-21.725 0
-21.7 0
-21.675 0
-21.65 0
-21.625 0
-21.6 0
-21.575 0
-21.55 0
-21.525 0
-21.5 0
-21.475 0
-21.45 0
-21.425 0
-21.4 0
-21.375 0
-21.35 0
-21.325 0
-21.3 0
-21.275 0
-21.25 0
-21.225 0
-21.2 0
-21.175 0
-21.15 0
-21.125 0
-21.1 0
-21.075 0
-21.05 0
-21.025 0
-21 0
-20.975 0
-20.95 0
-20.925 0
-20.9 0
-20.875 0
-20.85 0
-20.825 0
-20.8 0
-20.775 0
-20.75 0
-20.725 0
-20.7 0
-20.675 0
-20.65 0
-20.625 0
-20.6 0
-20.575 0
-20.55 0
-20.525 0
-20.5 0
-20.475 0
-20.45 0
-20.425 0
-20.4 0
-20.375 0
-20.35 0
-20.325 0
-20.3 0
-20.275 0
-20.25 0
-20.225 0
-20.2 0
-20.175 0
-20.15 0
-20.125 0
-20.1 0
-20.075 0
-20.05 0
-20.025 0
-20 0
-19.975 0
-19.95 0
-19.925 0
-19.9 0
-19.875 0
-19.85 0
-19.825 0
-19.8 0
-19.775 0
-19.75 0
-19.725 0
-19.7 0
-19.675 0
-19.65 0
-19.625 0
-19.6 0
-19.575 0
-19.55 0
-19.525 0
-19.5 0
-19.475 0
-19.45 0
-19.425 0
-19.4 0
-19.375 0
-19.35 0
-19.325 0
-19.3 0
-19.275 0
-19.25 0
-19.225 0
-19.2 0
-19.175 0
-19.15 0
-19.125 0
-19.1 0
-19.075 0
-19.05 0
-19.025 0
-19 0
-18.975 0
-18.95 0
-18.925 0
-18.9 0
-18.875 0
-18.85 0
-18.825 0
-18.8 0
-18.775 0
-18.75 0
-18.725 0
-18.7 0
-18.675 0
-18.65 0
-18.625 0
-18.6 0
-18.575 0
-18.55 0
-18.525 0
-18.5 0
-18.475 0
-18.45 0
-18.425 0
-18.4 0
-18.375 0
-18.35 0
-18.325 0
-18.3 0
-18.275 0
-18.25 0
-18.225 0
-18.2 0
-18.175 0
-18.15 0
-18.125 0
-18.1 0
-18.075 0
-18.05 0
-18.025 0
-18 0
-17.975 0
-17.95 0
-17.925 0
-17.9 0
-17.875 0
-17.85 0
-17.825 0
-17.8 0
-17.775 0
-17.75 0
-17.725 0
-17.7 0
-17.675 0
-17.65 0
-17.625 0
-17.6 0
-17.575 0
-17.55 0
-17.525 0
-17.5 0
-17.475 0
-17.45 0
-17.425 0
-17.4 0
-17.375 0
-17.35 0
-17.325 0
-17.3 0
-17.275 0
-17.25 0
-17.225 0
-17.2 0
-17.175 0
-17.15 0
-17.125 0
-17.1 0
-17.075 0
-17.05 0
-17.025 0
-17 0
-16.975 0
-16.95 0
-16.925 0
-16.9 0
-16.875 0
-16.85 0
-16.825 0
-16.8 0
-16.775 0
-16.75 0
-16.725 0
-16.7 0
-16.675 0
-16.65 0
-16.625 0
-16.6 0
-16.575 0
-16.55 0
-16.525 0
-16.5 0
-16.475 0
-16.45 0
-16.425 0
-16.4 0
-16.375 0
-16.35 0
-16.325 0
-16.3 0
-16.275 0
-16.25 0
-16.225 0
-16.2 0
-16.175 0
-16.15 0
-16.125 0
-16.1 0
-16.075 0
-16.05 0
-16.025 0
-16 0
-15.975 0
-15.95 0
-15.925 0
-15.9 0
-15.875 0
-15.85 0
-15.825 0
-15.8 0
-15.775 0
-15.75 0
-15.725 0
-15.7 0
-15.675 0
-15.65 0
-15.625 0
-15.6 0
-15.575 0
-15.55 0
-15.525 0
-15.5 0
-15.475 0
-15.45 0
-15.425 0
-15.4 0
-15.375 0
-15.35 0
-15.325 0
-15.3 0
-15.275 0
-15.25 0
-15.225 0
-15.2 0
-15.175 0
-15.15 0
-15.125 0
-15.1 0
-15.075 0
-15.05 0
-15.025 0
-15 -0.000445137
-14.975 -0.00133541
-14.95 -0.00222568
-14.925 -0.00311596
-14.9 -0.00400623
-14.875 -0.00489651
-14.85 -0.00578678
-14.825 -0.00667705
-14.8 -0.00756733
-14.775 -0.0084576
-14.75 -0.00934787
-14.725 -0.0102381
-14.7 -0.0111284
-14.675 -0.0120187
-14.65 -0.012909
-14.625 -0.0137992
-14.6 -0.0146895
-14.575 -0.0155798
-14.55 -0.0164701
-14.525 -0.0173603
-14.5 -0.0182506
-14.475 -0.0191409
-14.45 -0.0200312
-14.425 -0.0209214
-14.4 -0.0218117
-14.375 -0.022702
-14.35 -0.0235923
-14.325 -0.0244825
-14.3 -0.0253728
-14.275 -0.0262631
-14.25 -0.0271533
-14.225 -0.0280436
-14.2 -0.0289339
-14.175 -0.0298242
-14.15 -0.0307144
-14.125 -0.0316047
-14.1 -0.032495
-14.075 -0.0333853
-14.05 -0.0342755
-14.025 -0.0351658
-14 -0.0360561
-13.975 -0.0369464
-13.95 -0.0378366
-13.925 -0.0387269
-13.9 -0.0396172
-13.875 -0.0405075
-13.85 -0.0413977
-13.825 -0.042288
-13.8 -0.0431783
-13.775 -0.0440686
-13.75 -0.0449588
-13.725 -0.0458491
-13.7 -0.0467394
-13.675 -0.0476296
-13.65 -0.0485199
-13.625 -0.0494102
-13.6 -0.0503005
-13.575 -0.0511907
-13.55 -0.052081
-13.525 -0.0529713
-13.5 -0.0538616
-13.475 -0.0547518
-13.45 -0.0556421
-13.425 -0.0565324
-13.4 -0.0574227
-13.375 -0.0583129
-13.35 -0.0592032
-13.325 -0.0600935
-13.3 -0.0609838
-13.275 -0.061874
-13.25 -0.0627643
-13.225 -0.0636546
-13.2 -0.0645448
-13.175 -0.0654351
-13.15 -0.0663254
-13.125 -0.0672157
-13.1 -0.0681059
-13.075 -0.0689962
-13.05 -0.0698865
-13.025 -0.0707768
-13 -0.071667
-12.975 -0.0725573
-12.95 -0.0734476
-12.925 -0.0743379
-12.9 -0.0752281
-12.875 -0.0761184
-12.85 -0.0770087
-12.825 -0.077899
-12.8 -0.0787892
-12.775 -0.0796795
-12.75 -0.0805698
-12.725 -0.08146
-12.7 -0.0823503
-12.675 -0.0832406
-12.65 -0.0841309
-12.625 -0.0850211
-12.6 -0.0859114
-12.575 -0.0868017
-12.55 -0.087692
-12.525 -0.0885822
-12.5 -0.0894725
-12.475 -0.0903628
-12.45 -0.0912531
-12.425 -0.0921433
-12.4 -0.0930336
-12.375 -0.0939239
-12.35 -0.0948142
-12.325 -0.0957044
-12.3 -0.0965947
-12.275 -0.097485
-12.25 -0.0983753
-12.225 -0.0992655
-12.2 -0.100156
-12.175 -0.101046
-12.15 -0.101936
-12.125 -0.102827
-12.1 -0.103717
-12.075 -0.104607
-12.05 -0.105497
-12.025 -0.106388
-12 -0.107412
-11.975 -0.108569
-11.95 -0.109726
-11.925 -0.110884
-11.9 -0.112041
-11.875 -0.113198
-11.85 -0.114356
-11.825 -0.115513
-11.8 -0.11667
-11.775 -0.117828
-11.75 -0.118985
-11.725 -0.120142
-11.7 -0.1213
-11.675 -0.122457
-11.65 -0.123615
-11.625 -0.124772
-11.6 -0.125929
-11.575 -0.127087
-11.55 -0.128244
-11.525 -0.129401
-11.5 -0.130559
-11.475 -0.131716
-11.45 -0.132873
-11.425 -0.134031
-11.4 -0.135188
-11.375 -0.136345
-11.35 -0.137503
-11.325 -0.13866
-11.3 -0.139817
-11.275 -0.140975
-11.25 -0.142132
-11.225 -0.14329
-11.2 -0.144447
-11.175 -0.145604
-11.15 -0.146762
-11.125 -0.147919
-11.1 -0.149076
-11.075 -0.150234
-11.05 -0.151391
-11.025 -0.152548
-11 -0.153706
-10.975 -0.154863
-10.95 -0.15602
-10.925 -0.157178
-10.9 -0.158335
-10.875 -0.159493
-10.85 -0.16065
-10.825 -0.161807
-10.8 -0.162965
-10.775 -0.164122
-10.75 -0.165279
-10.725 -0.166437
-10.7 -0.167594
-10.675 -0.168751
-10.65 -0.169909
-10.625 -0.171066
-10.6 -0.172223
-10.575 -0.173381
-10.55 -0.174538
-10.525 -0.175696
-10.5 -0.176853
-10.475 -0.17801
-10.45 -0.179168
-10.425 -0.180325
-10.4 -0.181482
-10.375 -0.18264
-10.35 -0.183797
-10.325 -0.184954
-10.3 -0.186112
-10.275 -0.187269
-10.25 -0.188426
-10.225 -0.189584
-10.2 -0.190741
-10.175 -0.191899
-10.15 -0.193056
-10.125 -0.194213
-10.1 -0.195371
-10.075 -0.196528
-10.05 -0.197685
-10.025 -0.198843
-10 -0.2
-9.975 -0.199377
-9.95 -0.198754
-9.925 -0.19813
-9.9 -0.197507
-9.875 -0.196884
-9.85 -0.196261
-9.825 -0.195638
-9.8 -0.195014
-9.775 -0.194391
-9.75 -0.193768
-9.725 -0.193145
-9.7 -0.192522
-9.675 -0.191899
-9.65 -0.191275
-9.625 -0.190652
-9.6 -0.190029
-9.575 -0.189406
-9.55 -0.188783
-9.525 -0.188159
-9.5 -0.187536
-9.475 -0.186913
-9.45 -0.18629
-9.425 -0.185667
-9.4 -0.185043
-9.375 -0.18442
-9.35 -0.183797
-9.325 -0.183174
-9.3 -0.182551
-9.275 -0.181927
-9.25 -0.181304
-9.225 -0.180681
-9.2 -0.180058
-9.175 -0.179435
-9.15 -0.178811
-9.125 -0.178188
-9.1 -0.177565
-9.075 -0.176942
-9.05 -0.176319
-9.025 -0.175696
-9 -0.175072
-8.975 -0.174449
-8.95 -0.173826
-8.925 -0.173203
-8.9 -0.17258
-8.875 -0.171956
-8.85 -0.171333
-8.825 -0.17071
-8.8 -0.170087
-8.775 -0.169464
-8.75 -0.16884
-8.725 -0.168217
-8.7 -0.167594
-8.675 -0.166971
-8.65 -0.166348
-8.625 -0.165724
-8.6 -0.165101
-8.575 -0.164478
-8.55 -0.163855
-8.525 -0.163232
-8.5 -0.162609
-8.475 -0.161985
-8.45 -0.161362
-8.425 -0.160739
-8.4 -0.160116
-8.375 -0.159493
-8.35 -0.158869
-8.325 -0.158246
-8.3 -0.157623
-8.275 -0.157
-8.25 -0.156377
-8.225 -0.155753
-8.2 -0.15513
-8.175 -0.154507
-8.15 -0.153884
-8.125 -0.153261
-8.1 -0.152637
-8.075 -0.152014
-8.05 -0.151391
-8.025 -0.150768
-8 -0.150145
-7.975 -0.149521
-7.95 -0.148898
-7.925 -0.148275
-7.9 -0.147652
-7.875 -0.147029
-7.85 -0.146406
-7.825 -0.145782
-7.8 -0.145159
-7.775 -0.144536
-7.75 -0.143913
-7.725 -0.14329
-7.7 -0.142666
-7.675 -0.142043
-7.65 -0.14142
-7.625 -0.140797
-7.6 -0.140174
-7.575 -0.13955
-7.55 -0.138927
-7.525 -0.138304
-7.5 -0.137681
-7.475 -0.137058
-7.45 -0.136434
-7.425 -0.135811
-7.4 -0.135188
-7.375 -0.134565
-7.35 -0.133942
-7.325 -0.133318
-7.3 -0.132695
-7.275 -0.132072
-7.25 -0.131449
-7.225 -0.130826
-7.2 -0.130203
-7.175 -0.129579
-7.15 -0.128956
-7.125 -0.128333
-7.1 -0.12771
-7.075 -0.127087
-7.05 -0.126463
-7.025 -0.12584
-7 -0.125217
-6.975 -0.12406
-6.95 -0.122902
-6.925 -0.121745
-6.9 -0.120588
-6.875 -0.11943
-6.85 -0.118273
-6.825 -0.117116
-6.8 -0.115958
-6.775 -0.114801
-6.75 -0.113643
-6.725 -0.112486
-6.7 -0.111329
-6.675 -0.110171
-6.65 -0.109014
-6.625 -0.107857
-6.6 -0.106699
-6.575 -0.105542
-6.55 -0.104385
-6.525 -0.103227
-6.5 -0.10207
-6.475 -0.100913
-6.45 -0.0997552
-6.425 -0.0985978
-6.4 -0.0974405
-6.375 -0.0962831
-6.35 -0.0951258
-6.325 -0.0939684
-6.3 -0.092811
-6.275 -0.0916537
-6.25 -0.0904963
-6.225 -0.089339
-6.2 -0.0881816
-6.175 -0.0870243
-6.15 -0.0858669
-6.125 -0.0847095
-6.1 -0.0835522
-6.075 -0.0823948
-6.05 -0.0812375
-6.025 -0.0800801
-6 -0.0789228
-5.975 -0.0777654
-5.95 -0.0766081
-5.925 -0.0754507
-5.9 -0.0742933
-5.875 -0.073136
-5.85 -0.0719786
-5.825 -0.0708213
-5.8 -0.0696639
-5.775 -0.0685066
-5.75 -0.0673492
-5.725 -0.0661919
-5.7 -0.0650345
-5.675 -0.0638771
-5.65 -0.0627198
-5.625 -0.0615624
-5.6 -0.0604051
-5.575 -0.0592477
-5.55 -0.0580904
-5.525 -0.056933
-5.5 -0.0557757
-5.475 -0.0546183
-5.45 -0.0534609
-5.425 -0.0523036
-5.4 -0.0511462
-5.375 -0.0499889
-5.35 -0.0488315
-5.325 -0.0476742
-5.3 -0.0465168
-5.275 -0.0453594
-5.25 -0.0442021
-5.225 -0.0430447
-5.2 -0.0418874
-5.175 -0.04073
-5.15 -0.0395727
-5.125 -0.0384153
-5.1 -0.037258
-5.075 -0.0361006
-5.05 -0.0349432
-5.025 -0.0337859
-5 -0.0304028
-4.975 -0.0252393
-4.95 -0.0205208
-4.925 -0.0158024
-4.9 -0.0110839
-4.875 -0.00636546
-4.85 -0.00164701
-4.825 0.00307144
-4.8 0.0077899
-4.775 0.0125083
-4.75 0.0172268
-4.725 0.0219452
-4.7 0.0266637
-4.675 0.0313822
-4.65 0.0361006
-4.625 0.0408191
-4.6 0.0455375
-4.575 0.050256
-4.55 0.0549744
-4.525 0.0596929
-4.5 0.0644113
-4.475 0.0691298
-4.45 0.0738482
-4.425 0.0785667
-4.4 0.0832851
-4.375 0.0880036
-4.35 0.092722
-4.325 0.0974405
-4.3 0.102159
-4.275 0.106877
-4.25 0.111596
-4.225 0.116314
-4.2 0.121033
-4.175 0.125751
-4.15 0.13047
-4.125 0.135188
-4.1 0.139907
-4.075 0.144625
-4.05 0.149343
-4.025 0.154062
-4 0.15878
-3.975 0.163499
-3.95 0.168217
-3.925 0.172936
-3.9 0.177654
-3.875 0.182373
-3.85 0.187091
-3.825 0.191809
-3.8 0.196528
-3.775 0.201246
-3.75 0.205965
-3.725 0.210683
-3.7 0.215402
-3.675 0.22012
-3.65 0.224839
-3.625 0.229557
-3.6 0.234276
-3.575 0.238994
-3.55 0.243712
-3.525 0.248431
-3.5 0.253149
-3.475 0.257868
-3.45 0.262586
-3.425 0.267305
-3.4 0.272023
-3.375 0.276742
-3.35 0.28146
-3.325 0.286178
-3.3 0.290897
-3.275 0.295615
-3.25 0.300334
-3.225 0.305052
-3.2 0.309771
-3.175 0.314489
-3.15 0.319208
-3.125 0.323926
-3.1 0.328645
-3.075 0.333363
-3.05 0.338081
-3.025 0.3428
-3 0.347518
-2.975 0.352237
-2.95 0.356955
-2.925 0.361674
-2.9 0.366392
-2.875 0.371111
-2.85 0.375829
-2.825 0.380548
-2.8 0.385266
-2.775 0.389984
-2.75 0.394703
-2.725 0.399421
-2.7 0.40414
-2.675 0.408858
-2.65 0.413577
-2.625 0.418295
-2.6 0.423014
-2.575 0.427732
-2.55 0.43245
-2.525 0.437169
-2.5 0.441887
-2.475 0.446606
-2.45 0.451324
-2.425 0.456043
-2.4 0.460761
-2.375 0.46548
-2.35 0.470198
-2.325 0.474917
-2.3 0.479635
-2.275 0.484353
-2.25 0.489072
-2.225 0.49379
-2.2 0.498509
-2.175 0.503227
-2.15 0.507946
-2.125 0.512664
-2.1 0.517383
-2.075 0.522101
-2.05 0.526819
-2.025 0.531538
-2 0.536924
-1.975 0.542844
-1.95 0.548631
-1.925 0.554418
-1.9 0.560205
-1.875 0.565992
-1.85 0.571778
-1.825 0.577565
-1.8 0.583352
-1.775 0.589139
-1.75 0.594925
-1.725 0.600712
-1.7 0.606499
-1.675 0.612286
-1.65 0.618073
-1.625 0.623859
-1.6 0.629646
-1.575 0.635433
-1.55 0.64122
-1.525 0.647006
-1.5 0.652793
-1.475 0.65858
-1.45 0.664367
-1.425 0.670154
-1.4 0.67594
-1.375 0.681727
-1.35 0.687514
-1.325 0.693301
-1.3 0.699087
-1.275 0.704874
-1.25 0.710661
-1.225 0.716448
-1.2 0.722235
-1.175 0.728021
-1.15 0.733808
-1.125 0.739595
-1.1 0.745382
-1.075 0.751168
-1.05 0.756955
-1.025 0.762742
-1 0.768529
-0.975 0.774316
-0.95 0.780102
-0.925 0.785889
-0.9 0.791676
-0.875 0.797463
-0.85 0.803249
-0.825 0.809036
-0.8 0.814823
-0.775 0.82061
-0.75 0.826397
-0.725 0.832183
-0.7 0.83797
-0.675 0.843757
-0.65 0.849544
-0.625 0.855331
-0.6 0.861117
-0.575 0.866904
-0.55 0.872691
-0.525 0.878478
-0.5 0.884264
-0.475 0.890051
-0.45 0.895838
-0.425 0.901625
-0.4 0.907412
-0.375 0.913198
-0.35 0.918985
-0.325 0.924772
-0.3 0.930559
-0.275 0.936345
-0.25 0.942132
-0.225 0.947919
-0.2 0.953706
-0.175 0.959493
-0.15 0.965279
-0.125 0.971066
-0.1 0.976853
-0.075 0.98264
-0.05 0.988426
-0.025 0.994213
0 1
0.025 0.996884
0.05 0.993768
0.075 0.990652
0.1 0.987536
0.125 0.98442
0.15 0.981304
0.175 0.978188
0.2 0.975072
0.225 0.971956
0.25 0.96884
0.275 0.965724
0.3 0.962609
0.325 0.959493
0.35 0.956377
0.375 0.953261
0.4 0.950145
0.425 0.947029
0.45 0.943913
0.475 0.940797
0.5 0.937681
0.525 0.934565
0.55 0.931449
0.575 0.928333
0.6 0.925217
0.625 0.922101
0.65 0.918985
0.675 0.915869
0.7 0.912753
0.725 0.909637
0.75 0.906521
0.775 0.903405
0.8 0.900289
0.825 0.897173
0.85 0.894057
0.875 0.890941
0.9 0.887826
0.925 0.88471
0.95 0.881594
0.975 0.878478
1 0.875362
1.025 0.872246
1.05 0.86913
1.075 0.866014
1.1 0.862898
1.125 0.859782
1.15 0.856666
1.175 0.85355
1.2 0.850434
1.225 0.847318
1.25 0.844202
1.275 0.841086
1.3 0.83797
1.325 0.834854
1.35 0.831738
1.375 0.828622
1.4 0.825506
1.425 0.82239
1.45 0.819274
1.475 0.816158
1.5 0.813043
1.525 0.809927
1.55 0.806811
1.575 0.803695
1.6 0.800579
1.625 0.797463
1.65 0.794347
1.675 0.791231
1.7 0.788115
1.725 0.784999
1.75 0.781883
1.775 0.778767
1.8 0.775651
1.825 0.772535
1.85 0.769419
1.875 0.766303
1.9 0.763187
1.925 0.760071
1.95 0.756955
1.975 0.753839
2 0.750723
2.025 0.747607
2.05 0.744491
2.075 0.741375
2.1 0.73826
2.125 0.735144
2.15 0.732028
2.175 0.728912
2.2 0.725796
2.225 0.72268
2.25 0.719564
2.275 0.716448
2.3 0.713332
2.325 0.710216
2.35 0.7071
2.375 0.703984
2.4 0.700868
2.425 0.697752
2.45 0.694636
2.475 0.69152
2.5 0.688404
2.525 0.685288
2.55 0.682172
2.575 0.679056
2.6 0.67594
2.625 0.672824
2.65 0.669708
2.675 0.666592
2.7 0.663477
2.725 0.660361
2.75 0.657245
2.775 0.654129
2.8 0.651013
2.825 0.647897
2.85 0.644781
2.875 0.641665
2.9 0.638549
2.925 0.635433
2.95 0.632317
2.975 0.629201
3 0.626085
3.025 0.620298
3.05 0.614511
3.075 0.608725
3.1 0.602938
3.125 0.597151
3.15 0.591364
3.175 0.585578
3.2 0.579791
3.225 0.574004
3.25 0.568217
3.275 0.56243
3.3 0.556644
3.325 0.550857
3.35 0.54507
3.375 0.539283
3.4 0.533497
3.425 0.52771
3.45 0.521923
3.475 0.516136
3.5 0.510349
3.525 0.504563
3.55 0.498776
3.575 0.492989
3.6 0.487202
3.625 0.481416
3.65 0.475629
3.675 0.469842
3.7 0.464055
3.725 0.458268
3.75 0.452482
3.775 0.446695
3.8 0.440908
3.825 0.435121
3.85 0.429335
3.875 0.423548
3.9 0.417761
3.925 0.411974
3.95 0.406187
3.975 0.400401
4 0.394614
4.025 0.388827
4.05 0.38304
4.075 0.377254
4.1 0.371467
4.125 0.36568
4.15 0.359893
4.175 0.354106
4.2 0.34832
4.225 0.342533
4.25 0.336746
4.275 0.330959
4.3 0.325172
4.325 0.319386
4.35 0.313599
4.375 0.307812
4.4 0.302025
4.425 0.296239
4.45 0.290452
4.475 0.284665
4.5 0.278878
4.525 0.273091
4.55 0.267305
4.575 0.261518
4.6 0.255731
4.625 0.249944
4.65 0.244158
4.675 0.238371
4.7 0.232584
4.725 0.226797
4.75 0.22101
4.775 0.215224
4.8 0.209437
4.825 0.20365
4.85 0.197863
4.875 0.192077
4.9 0.18629
4.925 0.180503
4.95 0.174716
4.975 0.168929
5 0.163588
5.025 0.160917
5.05 0.160472
5.075 0.160027
5.1 0.159582
5.125 0.159136
5.15 0.158691
5.175 0.158246
5.2 0.157801
5.225 0.157356
5.25 0.156911
5.275 0.156466
5.3 0.15602
5.325 0.155575
5.35 0.15513
5.375 0.154685
5.4 0.15424
5.425 0.153795
5.45 0.15335
5.475 0.152905
5.5 0.152459
5.525 0.152014
5.55 0.151569
5.575 0.151124
5.6 0.150679
5.625 0.150234
5.65 0.149789
5.675 0.149343
5.7 0.148898
5.725 0.148453
5.75 0.148008
5.775 0.147563
5.8 0.147118
5.825 0.146673
5.85 0.146227
5.875 0.145782
5.9 0.145337
5.925 0.144892
5.95 0.144447
5.975 0.144002
6 0.143557
6.025 0.143112
6.05 0.142666
6.075 0.142221
6.1 0.141776
6.125 0.141331
6.15 0.140886
6.175 0.140441
6.2 0.139996
6.225 0.13955
6.25 0.139105
6.275 0.13866
6.3 0.138215
6.325 0.13777
6.35 0.137325
6.375 0.13688
6.4 0.136434
6.425 0.135989
6.45 0.135544
6.475 0.135099
6.5 0.134654
6.525 0.134209
6.55 0.133764
6.575 0.133318
6.6 0.132873
6.625 0.132428
6.65 0.131983
6.675 0.131538
6.7 0.131093
6.725 0.130648
6.75 0.130203
6.775 0.129757
6.8 0.129312
6.825 0.128867
6.85 0.128422
6.875 0.127977
6.9 0.127532
6.925 0.127087
6.95 0.126641
6.975 0.126196
7 0.125751
7.025 0.125306
7.05 0.124861
7.075 0.124416
7.1 0.123971
7.125 0.123525
7.15 0.12308
7.175 0.122635
7.2 0.12219
7.225 0.121745
7.25 0.1213
7.275 0.120855
7.3 0.12041
7.325 0.119964
7.35 0.119519
7.375 0.119074
7.4 0.118629
7.425 0.118184
7.45 0.117739
7.475 0.117294
7.5 0.116848
7.525 0.116403
7.55 0.115958
7.575 0.115513
7.6 0.115068
7.625 0.114623
7.65 0.114178
7.675 0.113732
7.7 0.113287
7.725 0.112842
7.75 0.112397
7.775 0.111952
7.8 0.111507
7.825 0.111062
7.85 0.110617
7.875 0.110171
7.9 0.109726
7.925 0.109281
7.95 0.108836
7.975 0.108391
8 0.108079
8.025 0.108569
8.05 0.109726
8.075 0.110884
8.1 0.112041
8.125 0.113198
8.15 0.114356
8.175 0.115513
8.2 0.11667
8.225 0.117828
8.25 0.118985
8.275 0.120142
8.3 0.1213
8.325 0.122457
8.35 0.123615
8.375 0.124772
8.4 0.125929
8.425 0.127087
8.45 0.128244
8.475 0.129401
8.5 0.130559
8.525 0.131716
8.55 0.132873
8.575 0.134031
8.6 0.135188
8.625 0.136345
8.65 0.137503
8.675 0.13866
8.7 0.139817
8.725 0.140975
8.75 0.142132
8.775 0.14329
8.8 0.144447
8.825 0.145604
8.85 0.146762
8.875 0.147919
8.9 0.149076
8.925 0.150234
8.95 0.151391
8.975 0.152548
9 0.153706
9.025 0.154863
9.05 0.15602
9.075 0.157178
9.1 0.158335
9.125 0.159493
9.15 0.16065
9.175 0.161807
9.2 0.162965
9.225 0.164122
9.25 0.165279
9.275 0.166437
9.3 0.167594
9.325 0.168751
9.35 0.169909
9.375 0.171066
9.4 0.172223
9.425 0.173381
9.45 0.174538
9.475 0.175696
9.5 0.176853
9.525 0.17801
9.55 0.179168
9.575 0.180325
9.6 0.181482
9.625 0.18264
9.65 0.183797
9.675 0.184954
9.7 0.186112
9.725 0.187269
9.75 0.188426
9.775 0.189584
9.8 0.190741
9.825 0.191899
9.85 0.193056
9.875 0.194213
9.9 0.195371
9.925 0.196528
9.95 0.197685
9.975 0.198843
10 0.2
10.025 0.199377
10.05 0.198754
10.075 0.19813
10.1 0.197507
10.125 0.196884
10.15 0.196261
10.175 0.195638
10.2 0.195014
10.225 0.194391
10.25 0.193768
10.275 0.193145
10.3 0.192522
10.325 0.191899
10.35 0.191275
10.375 0.190652
10.4 0.190029
10.425 0.189406
10.45 0.188783
10.475 0.188159
10.5 0.187536
10.525 0.186913
10.55 0.18629
10.575 0.185667
10.6 0.185043
10.625 0.18442
10.65 0.183797
10.675 0.183174
10.7 0.182551
10.725 0.181927
10.75 0.181304
10.775 0.180681
10.8 0.180058
10.825 0.179435
10.85 0.178811
10.875 0.178188
10.9 0.177565
10.925 0.176942
10.95 0.176319
10.975 0.175696
11 0.175072
11.025 0.174449
11.05 0.173826
11.075 0.173203
11.1 0.17258
11.125 0.171956
11.15 0.171333
11.175 0.17071
11.2 0.170087
11.225 0.169464
11.25 0.16884
11.275 0.168217
11.3 0.167594
11.325 0.166971
11.35 0.166348
11.375 0.165724
11.4 0.165101
11.425 0.164478
11.45 0.163855
11.475 0.163232
11.5 0.162609
11.525 0.161985
11.55 0.161362
11.575 0.160739
11.6 0.160116
11.625 0.159493
11.65 0.158869
11.675 0.158246
11.7 0.157623
11.725 0.157
11.75 0.156377
11.775 0.155753
11.8 0.15513
11.825 0.154507
11.85 0.153884
11.875 0.153261
11.9 0.152637
11.925 0.152014
11.95 0.151391
11.975 0.150768
12 0.150145
12.025 0.149521
12.05 0.148898
12.075 0.148275
12.1 0.147652
12.125 0.147029
12.15 0.146406
12.175 0.145782
12.2 0.145159
12.225 0.144536
12.25 0.143913
12.275 0.14329
12.3 0.142666
12.325 0.142043
12.35 0.14142
12.375 0.140797
12.4 0.140174
12.425 0.13955
12.45 0.138927
12.475 0.138304
12.5 0.137681
12.525 0.137058
12.55 0.136434
12.575 0.135811
12.6 0.135188
12.625 0.134565
12.65 0.133942
12.675 0.133318
12.7 0.132695
12.725 0.132072
12.75 0.131449
12.775 0.130826
12.8 0.130203
12.825 0.129579
12.85 0.128956
12.875 0.128333
12.9 0.12771
12.925 0.127087
12.95 0.126463
12.975 0.12584
13 0.125217
13.025 0.12406
13.05 0.122902
13.075 0.121745
13.1 0.120588
13.125 0.11943
13.15 0.118273
13.175 0.117116
13.2 0.115958
13.225 0.114801
13.25 0.113643
13.275 0.112486
13.3 0.111329
13.325 0.110171
13.35 0.109014
13.375 0.107857
13.4 0.106699
13.425 0.105542
13.45 0.104385
13.475 0.103227
13.5 0.10207
13.525 0.100913
13.55 0.0997552
13.575 0.0985978
13.6 0.0974405
13.625 0.0962831
13.65 0.0951258
13.675 0.0939684
13.7 0.092811
13.725 0.0916537
13.75 0.0904963
13.775 0.089339
13.8 0.0881816
13.825 0.0870243
13.85 0.0858669
13.875 0.0847095
13.9 0.0835522
13.925 0.0823948
13.95 0.0812375
13.975 0.0800801
14 0.0789228
14.025 0.0777654
14.05 0.0766081
14.075 0.0754507
14.1 0.0742933
14.125 0.073136
14.15 0.0719786
14.175 0.0708213
14.2 0.0696639
14.225 0.0685066
14.25 0.0673492
14.275 0.0661919
14.3 0.0650345
14.325 0.0638771
14.35 0.0627198
14.375 0.0615624
14.4 0.0604051
14.425 0.0592477
14.45 0.0580904
14.475 0.056933
14.5 0.0557757
14.525 0.0546183
14.55 0.0534609
14.575 0.0523036
14.6 0.0511462
14.625 0.0499889
14.65 0.0488315
14.675 0.0476742
14.7 0.0465168
14.725 0.0453594
14.75 0.0442021
14.775 0.0430447
14.8 0.0418874
14.825 0.04073
14.85 0.0395727
14.875 0.0384153
14.9 0.037258
14.925 0.0361006
14.95 0.0349432
14.975 0.0337859
15 0.0326285
15.025 0.0319163
15.05 0.0316492
15.075 0.0313822
15.1 0.0311151
15.125 0.030848
15.15 0.0305809
15.175 0.0303138
15.2 0.0300467
15.225 0.0297797
15.25 0.0295126
15.275 0.0292455
15.3 0.0289784
15.325 0.0287113
15.35 0.0284442
15.375 0.0281772
15.4 0.0279101
15.425 0.027643
15.45 0.0273759
15.475 0.0271088
15.5 0.0268418
15.525 0.0265747
15.55 0.0263076
15.575 0.0260405
15.6 0.0257734
15.625 0.0255063
15.65 0.0252393
15.675 0.0249722
15.7 0.0247051
15.725 0.024438
15.75 0.0241709
15.775 0.0239039
15.8 0.0236368
15.825 0.0233697
15.85 0.0231026
15.875 0.0228355
15.9 0.0225684
15.925 0.0223014
15.95 0.0220343
15.975 0.0217672
16 0.0215001
16.025 0.021233
16.05 0.0209659
16.075 0.0206989
16.1 0.0204318
16.125 0.0201647
16.15 0.0198976
16.175 0.0196305
16.2 0.0193635
16.225 0.0190964
16.25 0.0188293
16.275 0.0185622
16.3 0.0182951
16.325 0.018028
16.35 0.017761
16.375 0.0174939
16.4 0.0172268
16.425 0.0169597
16.45 0.0166926
16.475 0.0164256
16.5 0.0161585
16.525 0.0158914
16.55 0.0156243
16.575 0.0153572
16.6 0.0150901
16.625 0.0148231
16.65 0.014556
16.675 0.0142889
16.7 0.0140218
16.725 0.0137547
16.75 0.0134876
16.775 0.0132206
16.8 0.0129535
16.825 0.0126864
16.85 0.0124193
16.875 0.0121522
16.9 0.0118852
16.925 0.0116181
16.95 0.011351
16.975 0.0110839
17 0.0108168
17.025 0.0105497
17.05 0.0102827
17.075 0.0100156
17.1 0.0097485
17.125 0.00948142
17.15 0.00921433
17.175 0.00894725
17.2 0.00868017
17.225 0.00841309
17.25 0.008146
17.275 0.00787892
17.3 0.00761184
17.325 0.00734476
17.35 0.00707768
17.375 0.00681059
17.4 0.00654351
17.425 0.00627643
17.45 0.00600935
17.475 0.00574227
17.5 0.00547518
17.525 0.0052081
17.55 0.00494102
17.575 0.00467394
17.6 0.00440686
17.625 0.00413977
17.65 0.00387269
17.675 0.00360561
17.7 0.00333853
17.725 0.00307144
17.75 0.00280436
17.775 0.00253728
17.8 0.0022702
17.825 0.00200312
17.85 0.00173603
17.875 0.00146895
17.9 0.00120187
17.925 0.000934787
17.95 0.000667705
17.975 0.000400623
18 0.000133541
18.025 0
18.05 0
18.075 0
18.1 0
18.125 0
18.15 0
18.175 0
18.2 0
18.225 0
18.25 0
18.275 0
18.3 0
18.325 0
18.35 0
18.375 0
18.4 0
18.425 0
18.45 0
18.475 0
18.5 0
18.525 0
18.55 0
18.575 0
18.6 0
18.625 0
18.65 0
18.675 0
18.7 0
18.725 0
18.75 0
18.775 0
18.8 0
18.825 0
18.85 0
18.875 0
18.9 0
18.925 0
18.95 0
18.975 0
19 0
19.025 0
19.05 0
19.075 0
19.1 0
19.125 0
19.15 0
19.175 0
19.2 0
19.225 0
19.25 0
19.275 0
19.3 0
19.325 0
19.35 0
19.375 0
19.4 0
19.425 0
19.45 0
19.475 0
19.5 0
19.525 0
19.55 0
19.575 0
19.6 0
19.625 0
19.65 0
19.675 0
19.7 0
19.725 0
19.75 0
19.775 0
19.8 0
19.825 0
19.85 0
19.875 0
19.9 0
19.925 0
19.95 0
19.975 0
20 0
20.025 0
20.05 0
20.075 0
20.1 0
20.125 0
20.15 0
20.175 0
20.2 0
20.225 0
20.25 0
20.275 0
20.3 0
20.325 0
20.35 0
20.375 0
20.4 0
20.425 0
20.45 0
20.475 0
20.5 0
20.525 0
20.55 0
20.575 0
20.6 0
20.625 0
20.65 0
20.675 0
20.7 0
20.725 0
20.75 0
20.775 0
20.8 0
20.825 0
20.85 0
20.875 0
20.9 0
20.925 0
20.95 0
20.975 0
21 0
21.025 0
21.05 0
21.075 0
21.1 0
21.125 0
21.15 0
21.175 0
21.2 0
21.225 0
21.25 0
21.275 0
21.3 0
21.325 0
21.35 0
21.375 0
21.4 0
21.425 0
21.45 0
21.475 0
21.5 0
21.525 0
21.55 0
21.575 0
21.6 0
21.625 0
21.65 0
21.675 0
21.7 0
21.725 0
21.75 0
21.775 0
21.8 0
21.825 0
21.85 0
21.875 0
21.9 0
21.925 0
21.95 0
21.975 0
22 0
22.025 0
22.05 0
22.075 0
22.1 0
22.125 0
22.15 0
22.175 0
22.2 0
22.225 0
22.25 0
22.275 0
22.3 0
22.325 0
22.35 0
22.375 0
22.4 0
22.425 0
22.45 0
22.475 0
22.5 0
22.525 0
22.55 0
22.575 0
22.6 0
22.625 0
22.65 0
22.675 0
22.7 0
22.725 0
22.75 0
22.775 0
22.8 0
22.825 0
22.85 0
22.875 0
22.9 0
22.925 0
22.95 0
22.975 0
23 0
23.025 0
23.05 0
23.075 0
23.1 0
23.125 0
23.15 0
23.175 0
23.2 0
23.225 0
23.25 0
23.275 0
23.3 0
23.325 0
23.35 0
23.375 0
23.4 0
23.425 0
23.45 0
23.475 0
23.5 0
23.525 0
23.55 0
23.575 0
23.6 0
23.625 0
23.65 0
23.675 0
23.7 0
23.725 0
23.75 0
23.775 0
23.8 0
23.825 0
23.85 0
23.875 0
23.9 0
23.925 0
23.95 0
23.975 0
24 0
24.025 0
24.05 0
24.075 0
24.1 0
24.125 0
24.15 0
24.175 0
24.2 0
24.225 0
24.25 0
24.275 0
24.3 0
24.325 0
24.35 0
24.375 0
24.4 0
24.425 0
24.45 0
24.475 0
24.5 0
24.525 0
24.55 0
24.575 0
24.6 0
24.625 0
24.65 0
24.675 0
24.7 0
24.725 0
24.75 0
24.775 0
24.8 0
24.825 0
24.85 0
24.875 0
24.9 0
24.925 0
24.95 0
24.975 0
25 0
25.025 0
25.05 0
25.075 0
25.1 0
25.125 0
25.15 0
25.175 0
25.2 0
25.225 0
25.25 0
25.275 0
25.3 0
25.325 0
25.35 0
25.375 0
25.4 0
25.425 0
25.45 0
25.475 0
25.5 0
25.525 0
25.55 0
25.575 0
25.6 0
25.625 0
25.65 0
25.675 0
25.7 0
25.725 0
25.75 0
25.775 0
25.8 0
25.825 0
25.85 0
25.875 0
25.9 0
25.925 0
25.95 0
25.975 0
26 0
26.025 0
26.05 0
26.075 0
26.1 0
26.125 0
26.15 0
26.175 0
26.2 0
26.225 0
26.25 0
26.275 0
26.3 0
26.325 0
26.35 0
26.375 0
26.4 0
26.425 0
26.45 0
26.475 0
26.5 0
26.525 0
26.55 0
26.575 0
26.6 0
26.625 0
26.65 0
26.675 0
26.7 0
26.725 0
26.75 0
26.775 0
26.8 0
26.825 0
26.85 0
26.875 0
26.9 0
26.925 0
26.95 0
26.975 0
27 0
27.025 0
27.05 0
27.075 0
27.1 0
27.125 0
27.15 0
27.175 0
27.2 0
27.225 0
27.25 0
27.275 0
27.3 0
27.325 0
27.35 0
27.375 0
27.4 0
27.425 0
27.45 0
27.475 0
27.5 0
27.525 0
27.55 0
27.575 0
27.6 0
27.625 0
27.65 0
27.675 0
27.7 0
27.725 0
27.75 0
27.775 0
27.8 0
27.825 0
27.85 0
27.875 0
27.9 0
27.925 0
27.95 0
27.975 0
28 0
28.025 0
28.05 0
28.075 0
28.1 0
28.125 0
28.15 0
28.175 0
28.2 0
28.225 0
28.25 0
28.275 0
28.3 0
28.325 0
28.35 0
28.375 0
28.4 0
28.425 0
28.45 0
28.475 0
28.5 0
28.525 0
28.55 0
28.575 0
28.6 0
28.625 0
28.65 0
28.675 0
28.7 0
28.725 0
28.75 0
28.775 0
28.8 0
28.825 0
28.85 0
28.875 0
28.9 0
28.925 0
28.95 0
28.975 0
29 0
29.025 0
29.05 0
29.075 0
29.1 0
29.125 0
29.15 0
29.175 0
29.2 0
29.225 0
29.25 0
29.275 0
29.3 0
29.325 0
29.35 0
29.375 0
29.4 0
29.425 0
29.45 0
29.475 0
29.5 0
29.525 0
29.55 0
29.575 0
29.6 0
29.625 0
29.65 0
29.675 0
29.7 0
29.725 0
29.75 0
29.775 0
29.8 0
29.825 0
29.85 0
29.875 0
29.9 0
29.925 0
29.95 0
29.975 0
30 0
30.025 0
30.05 0
30.075 0
30.1 0
30.125 0
30.15 0
30.175 0
30.2 0
30.225 0
30.25 0
30.275 0
30.3 0
30.325 0
30.35 0
30.375 0
30.4 0
30.425 0
30.45 0
30.475 0
30.5 0
30.525 0
30.55 0
30.575 0
30.6 0
30.625 0
30.65 0
30.675 0
30.7 0
30.725 0
30.75 0
30.775 0
30.8 0
30.825 0
30.85 0
30.875 0
30.9 0
30.925 0
30.95 0
30.975 0
31 0
31.025 0
31.05 0
31.075 0
31.1 0
31.125 0
31.15 0
31.175 0
31.2 0
31.225 0
31.25 0
31.275 0
31.3 0
31.325 0
31.35 0
31.375 0
31.4 0
31.425 0
31.45 0
31.475 0
31.5 0
31.525 0
31.55 0
31.575 0
31.6 0
31.625 0
31.65 0
31.675 0
31.7 0
31.725 0
31.75 0
31.775 0
31.8 0
31.825 0
31.85 0
31.875 0
31.9 0
31.925 0
31.95 0
31.975 0
32 0
32.025 0
32.05 0
32.075 0
32.1 0
32.125 0
32.15 0
32.175 0
32.2 0
32.225 0
32.25 0
32.275 0
32.3 0
32.325 0
32.35 0
32.375 0
32.4 0
32.425 0
32.45 0
32.475 0
32.5 0
32.525 0
32.55 0
32.575 0
32.6 0
32.625 0
32.65 0
32.675 0
32.7 0
32.725 0
32.75 0
32.775 0
32.8 0
32.825 0
32.85 0
32.875 0
32.9 0
32.925 0
32.95 0
32.975 0
33 0
33.025 0
33.05 0
33.075 0
33.1 0
33.125 0
33.15 0
33.175 0
33.2 0
33.225 0
33.25 0
33.275 0
33.3 0
33.325 0
33.35 0
33.375 0
33.4 0
33.425 0
33.45 0
33.475 0
33.5 0
33.525 0
33.55 0
33.575 0
33.6 0
33.625 0
33.65 0
33.675 0
33.7 0
33.725 0
33.75 0
33.775 0
33.8 0
33.825 0
33.85 0
33.875 0
33.9 0
33.925 0
33.95 0
33.975 0
34 0
34.025 0
34.05 0
34.075 0
34.1 0
34.125 0
34.15 0
34.175 0
34.2 0
34.225 0
34.25 0
34.275 0
34.3 0
34.325 0
34.35 0
34.375 0
34.4 0
34.425 0
34.45 0
34.475 0
34.5 0
34.525 0
34.55 0
34.575 0
34.6 0
34.625 0
34.65 0
34.675 0
34.7 0
34.725 0
34.75 0
34.775 0
34.8 0
34.825 0
34.85 0
34.875 0
34.9 0
34.925 0
34.95 0
34.975 0
35 0
35.025 0
35.05 0
35.075 0
35.1 0
35.125 0
35.15 0
35.175 0
35.2 0
35.225 0
35.25 0
35.275 0
35.3 0
35.325 0
35.35 0
35.375 0
35.4 0
35.425 0
35.45 0
35.475 0
35.5 0
35.525 0
35.55 0
35.575 0
35.6 0
35.625 0
35.65 0
35.675 0
35.7 0
35.725 0
35.75 0
35.775 0
35.8 0
35.825 0
35.85 0
35.875 0
35.9 0
35.925 0
35.95 0
35.975 0
36 0
36.025 0
36.05 0
36.075 0
36.1 0
36.125 0
36.15 0
36.175 0
36.2 0
36.225 0
36.25 0
36.275 0
36.3 0
36.325 0
36.35 0
36.375 0
36.4 0
36.425 0
36.45 0
36.475 0
36.5 0
36.525 0
36.55 0
36.575 0
36.6 0
36.625 0
36.65 0
36.675 0
36.7 0
36.725 0
36.75 0
36.775 0
36.8 0
36.825 0
36.85 0
36.875 0
36.9 0
36.925 0
36.95 0
36.975 0
37 0
37.025 0
37.05 0
37.075 0
37.1 0
37.125 0
37.15 0
37.175 0
37.2 0
37.225 0
37.25 0
37.275 0
37.3 0
37.325 0
37.35 0
37.375 0
37.4 0
37.425 0
37.45 0
37.475 0
