-25 0
-24.975 0
-24.95 0
-24.925 0
-24.9 0
-24.875 0
-24.85 0
-24.825 0
-24.8 0
-24.775 0
-24.75 0
-24.725 0
-24.7 0
-24.675 0
-24.65 0
-24.625 0
-24.6 0
-24.575 0
-24.55 0
-24.525 0
-24.5 0
-24.475 0
-24.45 0
-24.425 0
-24.4 0
-24.375 0
-24.35 0
-24.325 0
-24.3 0
-24.275 0
-24.25 0
-24.225 0
-24.2 0
-24.175 0
-24.15 0
-24.125 0
-24.1 0
-24.075 0
-24.05 0
-24.025 0
-24 0
-23.975 0
-23.95 0
-23.925 0
-23.9 0
-23.875 0
-23.85 0
-23.825 0
-23.8 0
-23.775 0
-23.75 0
-23.725 0
-23.7 0
-23.675 0
-23.65 0
-23.625 0
-23.6 0
-23.575 0
-23.55 0
-23.525 0
-23.5 0
-23.475 0
-23.45 0
-23.425 0
-23.4 0
-23.375 0
-23.35 0
-23.325 0
-23.3 0
-23.275 0
-23.25 0
-23.225 0
-23.2 0
-23.175 0
-23.15 0
-23.125 0
-23.1 0
-23.075 0
-23.05 0
-23.025 0
-23 0
-22.975 0
-22.95 0
-22.925 0
-22.9 0
-22.875 0
-22.85 0
-22.825 0
-22.8 0
-22.775 0
-22.75 0
-22.725 0
-22.7 0
-22.675 0
-22.65 0
-22.625 0
-22.6 0
-22.575 0
-22.55 0
-22.525 0
-22.5 0
-22.475 0
-22.45 0
-22.425 0
-22.4 0
-22.375 0
-22.35 0
-22.325 0
-22.3 0
-22.275 0
-22.25 0
-22.225 0
-22.2 0
-22.175 0
-22.15 0
-22.125 0
-22.1 0
-22.075 0
-22.05 0
-22.025 0
-22 0
-21.975 0
-21.95 0
-21.925 0
-21.9 0
-21.875 0
-21.85 0
-21.825 0
-21.8 0
-21.775 0
-21.75 0
-21.725 0
-21.7 0
-21.675 0
-21.65 0
-21.625 0
-21.6 0
-21.575 0
-21.55 0
-21.525 0
-21.5 0
-21.475 0
-21.45 0
-21.425 0
-21.4 0
-21.375 0
-21.35 0
-21.325 0
-21.3 0
-21.275 0
-21.25 0
-21.225 0
-21.2 0
-21.175 0
-21.15 0
-21.125 0
-21.1 0
-21.075 0
-21.05 0
-21.025 0
-21 0
-20.975 0
-20.95 0
-20.925 0
-20.9 0
-20.875 0
-20.85 0
-20.825 0
-20.8 0
-20.775 0
-20.75 0
-20.725 0
-20.7 0
-20.675 0
-20.65 0
-20.625 0
-20.6 0
-20.575 0
-20.55 0
-20.525 0
-20.5 0
-20.475 0
-20.45 0
-20.425 0
-20.4 0
-20.375 0
-20.35 0
-20.325 0
-20.3 0
-20.275 0
-20.25 0
-20.225 0
-20.2 0
-20.175 0
-20.15 0
-20.125 0
-20.1 0
-20.075 0
-20.05 0
-20.025 0
-20 0
-19.975 0
-19.95 0
-19.925 0
-19.9 0
-19.875 0
-19.85 0
-19.825 0
-19.8 0
-19.775 0
-19.75 0
-19.725 0
-19.7 0
-19.675 0
-19.65 0
-19.625 0
-19.6 0
-19.575 0
-19.55 0
-19.525 0
-19.5 0
-19.475 0
-19.45 0
-19.425 0
-19.4 0
-19.375 0
-19.35 0
-19.325 0
-19.3 0
-19.275 0
-19.25 0
-19.225 0
-19.2 0
-19.175 0
-19.15 0
-19.125 0
-19.1 0
-19.075 0
-19.05 0
-19.025 0
-19 0
-18.975 0
-18.95 0
-18.925 0
-18.9 0
-18.875 0
-18.85 0
-18.825 0
-18.8 0
-18.775 0
-18.75 0
-18.725 0
-18.7 0
-18.675 0
-18.65 0
-18.625 0
-18.6 0
-18.575 0
-18.55 0
-18.525 0
-18.5 0
-18.475 0
-18.45 0
-18.425 0
-18.4 0
-18.375 0
-18.35 0
-18.325 0
-18.3 0
-18.275 0
-18.25 0
-18.225 0
-18.2 0
-18.175 0
-18.15 0
-18.125 0
-18.1 0
-18.075 0
-18.05 0
-18.025 0
-18 0
-17.975 0
-17.95 0
-17.925 0
-17.9 0
-17.875 0
-17.85 0
-17.825 0
-17.8 0
-17.775 0
-17.75 0
-17.725 0
-17.7 0
-17.675 0
-17.65 0
-17.625 0
-17.6 0
-17.575 0
-17.55 0
-17.525 0
-17.5 0
-17.475 0
-17.45 0
-17.425 0
-17.4 0
-17.375 0
-17.35 0
-17.325 0
-17.3 0
-17.275 0
-17.25 0
-17.225 0
-17.2 0
-17.175 0
-17.15 0
-17.125 0
-17.1 0
-17.075 0
-17.05 0
-17.025 0
-17 0
-16.975 0
-16.95 0
-16.925 0
-16.9 0
-16.875 0
-16.85 0
-16.825 0
-16.8 0
-16.775 0
-16.75 0
-16.725 0
-16.7 0
-16.675 0
-16.65 0
-16.625 0
-16.6 0
-16.575 0
-16.55 0
-16.525 0
-16.5 0
-16.475 0
-16.45 0
-16.425 0
-16.4 0
-16.375 0
-16.35 0
-16.325 0
-16.3 0
-16.275 0
-16.25 0
-16.225 0
-16.2 0
-16.175 0
-16.15 0
-16.125 0
-16.1 0
-16.075 0
-16.05 0
-16.025 0
-16 0
-15.975 0
-15.95 0
-15.925 0
-15.9 0
-15.875 0
-15.85 0
-15.825 0
-15.8 0
-15.775 0
-15.75 0
-15.725 0
-15.7 0
-15.675 0
-15.65 0
-15.625 0
-15.6 0
-15.575 0
-15.55 0
-15.525 0
-15.5 0
-15.475 0
-15.45 0
-15.425 0
-15.4 0
-15.375 0
-15.35 0
-15.325 0
-15.3 0
-15.275 0
-15.25 0
-15.225 0
-15.2 0
-15.175 0
-15.15 0
-15.125 0
-15.1 0
-15.075 0
-15.05 0
-15.025 0
-15 0
-14.975 0
-14.95 0
-14.925 0
-14.9 0
-14.875 0
-14.85 0
-14.825 0
-14.8 0
-14.775 0
-14.75 0
-14.725 0
-14.7 0
-14.675 0
-14.65 0
-14.625 0
-14.6 0
-14.575 0
-14.55 0
-14.525 0
-14.5 0
-14.475 0
-14.45 0
-14.425 0
-14.4 0
-14.375 0
-14.35 0
-14.325 0
-14.3 0
-14.275 0
-14.25 0
-14.225 0
-14.2 0
-14.175 0
-14.15 0
-14.125 0
-14.1 0
-14.075 0
-14.05 0
-14.025 0
-14 0
-13.975 0
-13.95 0
-13.925 0
-13.9 0
-13.875 0
-13.85 0
-13.825 0
-13.8 0
-13.775 0
-13.75 0
-13.725 0
-13.7 0
-13.675 0
-13.65 0
-13.625 0
-13.6 0
-13.575 0
-13.55 0
-13.525 0
-13.5 0
-13.475 0
-13.45 0
-13.425 0
-13.4 0
-13.375 0
-13.35 0
-13.325 0
-13.3 0
-13.275 0
-13.25 0
-13.225 0
-13.2 0
-13.175 0
-13.15 0
-13.125 0
-13.1 0
-13.075 0
-13.05 0
-13.025 0
-13 0
-12.975 0
-12.95 0
-12.925 0
-12.9 0
-12.875 0
-12.85 0
-12.825 0
-12.8 0
-12.775 0
-12.75 0
-12.725 0
-12.7 0
-12.675 0
-12.65 0
-12.625 0
-12.6 0
-12.575 0
-12.55 0
-12.525 0
-12.5 0
-12.475 0
-12.45 0
-12.425 0
-12.4 0
-12.375 0
-12.35 0
-12.325 0
-12.3 0
-12.275 0
-12.25 0
-12.225 0
-12.2 0
-12.175 0
-12.15 0
-12.125 0
-12.1 0
-12.075 0
-12.05 0
-12.025 0
-12 0
-11.975 0
-11.95 0
-11.925 0
-11.9 0
-11.875 0
-11.85 0
-11.825 0
-11.8 0
-11.775 0
-11.75 0
-11.725 0
-11.7 0
-11.675 0
-11.65 0
-11.625 0
-11.6 0
-11.575 0
-11.55 0
-11.525 0
-11.5 0
-11.475 0
-11.45 0
-11.425 0
-11.4 0
-11.375 0
-11.35 0
-11.325 0
-11.3 0
-11.275 0
-11.25 0
-11.225 0
-11.2 0
-11.175 0
-11.15 0
-11.125 0
-11.1 0
-11.075 0
-11.05 0
-11.025 0
-11 0
-10.975 0
-10.95 0
-10.925 0
-10.9 0
-10.875 0
-10.85 0
-10.825 0
-10.8 0
-10.775 0
-10.75 0
-10.725 0
-10.7 0
-10.675 0
-10.65 0
-10.625 0
-10.6 0
-10.575 0
-10.55 0
-10.525 0
-10.5 0
-10.475 0
-10.45 0
-10.425 0
-10.4 0
-10.375 0
-10.35 0
-10.325 0
-10.3 0
-10.275 0
-10.25 0
-10.225 0
-10.2 0
-10.175 0
-10.15 0
-10.125 0
-10.1 0
-10.075 0
-10.05 0
-10.025 0
-10 0
-9.975 0
-9.95 0
-9.925 0
-9.9 0
-9.875 0
-9.85 0
-9.825 0
-9.8 0
-9.775 0
-9.75 0
-9.725 0
-9.7 0
-9.675 0
-9.65 0
-9.625 0
-9.6 0
-9.575 0
-9.55 0
-9.525 0
-9.5 0
-9.475 0
-9.45 0
-9.425 0
-9.4 0
-9.375 0
-9.35 0
-9.325 0
-9.3 0
-9.275 0
-9.25 0
-9.225 0
-9.2 0
-9.175 0
-9.15 0
-9.125 0
-9.1 0
-9.075 0
-9.05 0
-9.025 0
-9 0
-8.975 0
-8.95 0
-8.925 0
-8.9 0
-8.875 0
-8.85 0
-8.825 0
-8.8 0
-8.775 0
-8.75 0
-8.725 0
-8.7 0
-8.675 0
-8.65 0
-8.625 0
-8.6 0
-8.575 0
-8.55 0
-8.525 0
-8.5 0
-8.475 0
-8.45 0
-8.425 0
-8.4 0
-8.375 0
-8.35 0
-8.325 0
-8.3 0
-8.275 0
-8.25 0
-8.225 0
-8.2 0
-8.175 0
-8.15 0
-8.125 0
-8.1 0
-8.075 0
-8.05 0
-8.025 0
-8 0
-7.975 0
-7.95 0
-7.925 0
-7.9 0
-7.875 0
-7.85 0
-7.825 0
-7.8 0
-7.775 0
-7.75 0
-7.725 0
-7.7 0
-7.675 0
-7.65 0
-7.625 0
-7.6 0
-7.575 0
-7.55 0
-7.525 0
-7.5 0
-7.475 0
-7.45 0
-7.425 0
-7.4 0
-7.375 0
-7.35 0
-7.325 0
-7.3 0
-7.275 0
-7.25 0
-7.225 0
-7.2 0
-7.175 0
-7.15 0
-7.125 0
-7.1 0
-7.075 0
-7.05 0
-7.025 0
-7 0
-6.975 0
-6.95 0
-6.925 0
-6.9 0
-6.875 0
-6.85 0
-6.825 0
-6.8 0
-6.775 0
-6.75 0
-6.725 0
-6.7 0
-6.675 0
-6.65 0
-6.625 0
-6.6 0
-6.575 0
-6.55 0
-6.525 0
-6.5 0
-6.475 0
-6.45 0
-6.425 0
-6.4 0
-6.375 0
-6.35 0
-6.325 0
-6.3 0
-6.275 0
-6.25 0
-6.225 0
-6.2 0
-6.175 0
-6.15 0
-6.125 0
-6.1 0
-6.075 0
-6.05 0
-6.025 0
-6 0
-5.975 0
-5.95 0
-5.925 0
-5.9 0
-5.875 0
-5.85 0
-5.825 0
-5.8 0
-5.775 0
-5.75 0
-5.725 0
-5.7 0
-5.675 0
-5.65 0
-5.625 0
-5.6 0
-5.575 0
-5.55 0
-5.525 0
-5.5 0
-5.475 0
-5.45 0
-5.425 0
-5.4 0
-5.375 0
-5.35 0
-5.325 0
-5.3 0
-5.275 0
-5.25 0
-5.225 0
-5.2 0
-5.175 0
-5.15 0
-5.125 0
-5.1 0
-5.075 0
-5.05 0
-5.025 0
-5 0.00222568
-4.975 0.00667705
-4.95 0.0111284
-4.925 0.0155798
-4.9 0.0200312
-4.875 0.0244825
-4.85 0.0289339
-4.825 0.0333853
-4.8 0.0378366
-4.775 0.042288
-4.75 0.0467394
-4.725 0.0511907
-4.7 0.0556421
-4.675 0.0600935
-4.65 0.0645448
-4.625 0.0689962
-4.6 0.0734476
-4.575 0.077899
-4.55 0.0823503
-4.525 0.0868017
-4.5 0.0912531
-4.475 0.0957044
-4.45 0.100156
-4.425 0.104607
-4.4 0.109059
-4.375 0.11351
-4.35 0.117961
-4.325 0.122413
-4.3 0.126864
-4.275 0.131315
-4.25 0.135767
-4.225 0.140218
-4.2 0.144669
-4.175 0.149121
-4.15 0.153572
-4.125 0.158024
-4.1 0.162475
-4.075 0.166926
-4.05 0.171378
-4.025 0.175829
-4 0.18028
-3.975 0.184732
-3.95 0.189183
-3.925 0.193635
-3.9 0.198086
-3.875 0.202537
-3.85 0.206989
-3.825 0.21144
-3.8 0.215891
-3.775 0.220343
-3.75 0.224794
-3.725 0.229245
-3.7 0.233697
-3.675 0.238148
-3.65 0.2426
-3.625 0.247051
-3.6 0.251502
-3.575 0.255954
-3.55 0.260405
-3.525 0.264856
-3.5 0.269308
-3.475 0.273759
-3.45 0.278211
-3.425 0.282662
-3.4 0.287113
-3.375 0.291565
-3.35 0.296016
-3.325 0.300467
-3.3 0.304919
-3.275 0.30937
-3.25 0.313822
-3.225 0.318273
-3.2 0.322724
-3.175 0.327176
-3.15 0.331627
-3.125 0.336078
-3.1 0.34053
-3.075 0.344981
-3.05 0.349432
-3.025 0.353884
-3 0.358335
-2.975 0.362787
-2.95 0.367238
-2.925 0.371689
-2.9 0.376141
-2.875 0.380592
-2.85 0.385043
-2.825 0.389495
-2.8 0.393946
-2.775 0.398398
-2.75 0.402849
-2.725 0.4073
-2.7 0.411752
-2.675 0.416203
-2.65 0.420654
-2.625 0.425106
-2.6 0.429557
-2.575 0.434008
-2.55 0.43846
-2.525 0.442911
-2.5 0.447363
-2.475 0.451814
-2.45 0.456265
-2.425 0.460717
-2.4 0.465168
-2.375 0.469619
-2.35 0.474071
-2.325 0.478522
-2.3 0.482974
-2.275 0.487425
-2.25 0.491876
-2.225 0.496328
-2.2 0.500779
-2.175 0.50523
-2.15 0.509682
-2.125 0.514133
-2.1 0.518584
-2.075 0.523036
-2.05 0.527487
-2.025 0.531939
-2 0.537058
-1.975 0.542844
-1.95 0.548631
-1.925 0.554418
-1.9 0.560205
-1.875 0.565992
-1.85 0.571778
-1.825 0.577565
-1.8 0.583352
-1.775 0.589139
-1.75 0.594925
-1.725 0.600712
-1.7 0.606499
-1.675 0.612286
-1.65 0.618073
-1.625 0.623859
-1.6 0.629646
-1.575 0.635433
-1.55 0.64122
-1.525 0.647006
-1.5 0.652793
-1.475 0.65858
-1.45 0.664367
-1.425 0.670154
-1.4 0.67594
-1.375 0.681727
-1.35 0.687514
-1.325 0.693301
-1.3 0.699087
-1.275 0.704874
-1.25 0.710661
-1.225 0.716448
-1.2 0.722235
-1.175 0.728021
-1.15 0.733808
-1.125 0.739595
-1.1 0.745382
-1.075 0.751168
-1.05 0.756955
-1.025 0.762742
-1 0.768529
-0.975 0.774316
-0.95 0.780102
-0.925 0.785889
-0.9 0.791676
-0.875 0.797463
-0.85 0.803249
-0.825 0.809036
-0.8 0.814823
-0.775 0.82061
-0.75 0.826397
-0.725 0.832183
-0.7 0.83797
-0.675 0.843757
-0.65 0.849544
-0.625 0.855331
-0.6 0.861117
-0.575 0.866904
-0.55 0.872691
-0.525 0.878478
-0.5 0.884264
-0.475 0.890051
-0.45 0.895838
-0.425 0.901625
-0.4 0.907412
-0.375 0.913198
-0.35 0.918985
-0.325 0.924772
-0.3 0.930559
-0.275 0.936345
-0.25 0.942132
-0.225 0.947919
-0.2 0.953706
-0.175 0.959493
-0.15 0.965279
-0.125 0.971066
-0.1 0.976853
-0.075 0.98264
-0.05 0.988426
-0.025 0.994213
0 1
0.025 0.996884
0.05 0.993768
0.075 0.990652
0.1 0.987536
0.125 0.98442
0.15 0.981304
0.175 0.978188
0.2 0.975072
0.225 0.971956
0.25 0.96884
0.275 0.965724
0.3 0.962609
0.325 0.959493
0.35 0.956377
0.375 0.953261
0.4 0.950145
0.425 0.947029
0.45 0.943913
0.475 0.940797
0.5 0.937681
0.525 0.934565
0.55 0.931449
0.575 0.928333
0.6 0.925217
0.625 0.922101
0.65 0.918985
0.675 0.915869
0.7 0.912753
0.725 0.909637
0.75 0.906521
0.775 0.903405
0.8 0.900289
0.825 0.897173
0.85 0.894057
0.875 0.890941
0.9 0.887826
0.925 0.88471
0.95 0.881594
0.975 0.878478
1 0.875362
1.025 0.872246
1.05 0.86913
1.075 0.866014
1.1 0.862898
1.125 0.859782
1.15 0.856666
1.175 0.85355
1.2 0.850434
1.225 0.847318
1.25 0.844202
1.275 0.841086
1.3 0.83797
1.325 0.834854
1.35 0.831738
1.375 0.828622
1.4 0.825506
1.425 0.82239
1.45 0.819274
1.475 0.816158
1.5 0.813043
1.525 0.809927
1.55 0.806811
1.575 0.803695
1.6 0.800579
1.625 0.797463
1.65 0.794347
1.675 0.791231
1.7 0.788115
1.725 0.784999
1.75 0.781883
1.775 0.778767
1.8 0.775651
1.825 0.772535
1.85 0.769419
1.875 0.766303
1.9 0.763187
1.925 0.760071
1.95 0.756955
1.975 0.753839
2 0.750723
2.025 0.747607
2.05 0.744491
2.075 0.741375
2.1 0.73826
2.125 0.735144
2.15 0.732028
2.175 0.728912
2.2 0.725796
2.225 0.72268
2.25 0.719564
2.275 0.716448
2.3 0.713332
2.325 0.710216
2.35 0.7071
2.375 0.703984
2.4 0.700868
2.425 0.697752
2.45 0.694636
2.475 0.69152
2.5 0.688404
2.525 0.685288
2.55 0.682172
2.575 0.679056
2.6 0.67594
2.625 0.672824
2.65 0.669708
2.675 0.666592
2.7 0.663477
2.725 0.660361
2.75 0.657245
2.775 0.654129
2.8 0.651013
2.825 0.647897
2.85 0.644781
2.875 0.641665
2.9 0.638549
2.925 0.635433
2.95 0.632317
2.975 0.629201
3 0.626085
3.025 0.620298
3.05 0.614511
3.075 0.608725
3.1 0.602938
3.125 0.597151
3.15 0.591364
3.175 0.585578
3.2 0.579791
3.225 0.574004
3.25 0.568217
3.275 0.56243
3.3 0.556644
3.325 0.550857
3.35 0.54507
3.375 0.539283
3.4 0.533497
3.425 0.52771
3.45 0.521923
3.475 0.516136
3.5 0.510349
3.525 0.504563
3.55 0.498776
3.575 0.492989
3.6 0.487202
3.625 0.481416
3.65 0.475629
3.675 0.469842
3.7 0.464055
3.725 0.458268
3.75 0.452482
3.775 0.446695
3.8 0.440908
3.825 0.435121
3.85 0.429335
3.875 0.423548
3.9 0.417761
3.925 0.411974
3.95 0.406187
3.975 0.400401
4 0.394614
4.025 0.388827
4.05 0.38304
4.075 0.377254
4.1 0.371467
4.125 0.36568
4.15 0.359893
4.175 0.354106
4.2 0.34832
4.225 0.342533
4.25 0.336746
4.275 0.330959
4.3 0.325172
4.325 0.319386
4.35 0.313599
4.375 0.307812
4.4 0.302025
4.425 0.296239
4.45 0.290452
4.475 0.284665
4.5 0.278878
4.525 0.273091
4.55 0.267305
4.575 0.261518
4.6 0.255731
4.625 0.249944
4.65 0.244158
4.675 0.238371
4.7 0.232584
4.725 0.226797
4.75 0.22101
4.775 0.215224
4.8 0.209437
4.825 0.20365
4.85 0.197863
4.875 0.192077
4.9 0.18629
4.925 0.180503
4.95 0.174716
4.975 0.168929
5 0.163143
5.025 0.159582
5.05 0.158246
5.075 0.156911
5.1 0.155575
5.125 0.15424
5.15 0.152905
5.175 0.151569
5.2 0.150234
5.225 0.148898
5.25 0.147563
5.275 0.146227
5.3 0.144892
5.325 0.143557
5.35 0.142221
5.375 0.140886
5.4 0.13955
5.425 0.138215
5.45 0.13688
5.475 0.135544
5.5 0.134209
5.525 0.132873
5.55 0.131538
5.575 0.130203
5.6 0.128867
5.625 0.127532
5.65 0.126196
5.675 0.124861
5.7 0.123525
5.725 0.12219
5.75 0.120855
5.775 0.119519
5.8 0.118184
5.825 0.116848
5.85 0.115513
5.875 0.114178
5.9 0.112842
5.925 0.111507
5.95 0.110171
5.975 0.108836
6 0.107501
6.025 0.106165
6.05 0.10483
6.075 0.103494
6.1 0.102159
6.125 0.100824
6.15 0.0994881
6.175 0.0981527
6.2 0.0968173
6.225 0.0954819
6.25 0.0941465
6.275 0.092811
6.3 0.0914756
6.325 0.0901402
6.35 0.0888048
6.375 0.0874694
6.4 0.086134
6.425 0.0847986
6.45 0.0834632
6.475 0.0821278
6.5 0.0807923
6.525 0.0794569
6.55 0.0781215
6.575 0.0767861
6.6 0.0754507
6.625 0.0741153
6.65 0.0727799
6.675 0.0714445
6.7 0.0701091
6.725 0.0687736
6.75 0.0674382
6.775 0.0661028
6.8 0.0647674
6.825 0.063432
6.85 0.0620966
6.875 0.0607612
6.9 0.0594258
6.925 0.0580904
6.95 0.056755
6.975 0.0554195
7 0.0540841
7.025 0.0527487
7.05 0.0514133
7.075 0.0500779
7.1 0.0487425
7.125 0.0474071
7.15 0.0460717
7.175 0.0447363
7.2 0.0434008
7.225 0.0420654
7.25 0.04073
7.275 0.0393946
7.3 0.0380592
7.325 0.0367238
7.35 0.0353884
7.375 0.034053
7.4 0.0327176
7.425 0.0313822
7.45 0.0300467
7.475 0.0287113
7.5 0.0273759
7.525 0.0260405
7.55 0.0247051
7.575 0.0233697
7.6 0.0220343
7.625 0.0206989
7.65 0.0193635
7.675 0.018028
7.7 0.0166926
7.725 0.0153572
7.75 0.0140218
7.775 0.0126864
7.8 0.011351
7.825 0.0100156
7.85 0.00868017
7.875 0.00734476
7.9 0.00600935
7.925 0.00467394
7.95 0.00333853
7.975 0.00200312
8 0.000667705
8.025 0
8.05 0
8.075 0
8.1 0
8.125 0
8.15 0
8.175 0
8.2 0
8.225 0
8.25 0
8.275 0
8.3 0
8.325 0
8.35 0
8.375 0
8.4 0
8.425 0
8.45 0
8.475 0
8.5 0
8.525 0
8.55 0
8.575 0
8.6 0
8.625 0
8.65 0
8.675 0
8.7 0
8.725 0
8.75 0
8.775 0
8.8 0
8.825 0
8.85 0
8.875 0
8.9 0
8.925 0
8.95 0
8.975 0
9 0
9.025 0
9.05 0
9.075 0
9.1 0
9.125 0
9.15 0
9.175 0
9.2 0
9.225 0
9.25 0
9.275 0
9.3 0
9.325 0
9.35 0
9.375 0
9.4 0
9.425 0
9.45 0
9.475 0
9.5 0
9.525 0
9.55 0
9.575 0
9.6 0
9.625 0
9.65 0
9.675 0
9.7 0
9.725 0
9.75 0
9.775 0
9.8 0
9.825 0
9.85 0
9.875 0
9.9 0
9.925 0
9.95 0
9.975 0
10 0
10.025 0
10.05 0
10.075 0
10.1 0
10.125 0
10.15 0
10.175 0
10.2 0
10.225 0
10.25 0
10.275 0
10.3 0
10.325 0
10.35 0
10.375 0
10.4 0
10.425 0
10.45 0
10.475 0
10.5 0
10.525 0
10.55 0
10.575 0
10.6 0
10.625 0
10.65 0
10.675 0
10.7 0
10.725 0
10.75 0
10.775 0
10.8 0
10.825 0
10.85 0
10.875 0
10.9 0
10.925 0
10.95 0
10.975 0
11 0
11.025 0
11.05 0
11.075 0
11.1 0
11.125 0
11.15 0
11.175 0
11.2 0
11.225 0
11.25 0
11.275 0
11.3 0
11.325 0
11.35 0
11.375 0
11.4 0
11.425 0
11.45 0
11.475 0
11.5 0
11.525 0
11.55 0
11.575 0
11.6 0
11.625 0
11.65 0
11.675 0
11.7 0
11.725 0
11.75 0
11.775 0
11.8 0
11.825 0
11.85 0
11.875 0
11.9 0
11.925 0
11.95 0
11.975 0
12 0
12.025 0
12.05 0
12.075 0
12.1 0
12.125 0
12.15 0
12.175 0
12.2 0
12.225 0
12.25 0
12.275 0
12.3 0
12.325 0
12.35 0
12.375 0
12.4 0
12.425 0
12.45 0
12.475 0
12.5 0
12.525 0
12.55 0
12.575 0
12.6 0
12.625 0
12.65 0
12.675 0
12.7 0
12.725 0
12.75 0
12.775 0
12.8 0
12.825 0
12.85 0
12.875 0
12.9 0
12.925 0
12.95 0
12.975 0
13 0
13.025 0
13.05 0
13.075 0
13.1 0
13.125 0
13.15 0
13.175 0
13.2 0
13.225 0
13.25 0
13.275 0
13.3 0
13.325 0
13.35 0
13.375 0
13.4 0
13.425 0
13.45 0
13.475 0
13.5 0
13.525 0
13.55 0
13.575 0
13.6 0
13.625 0
13.65 0
13.675 0
13.7 0
13.725 0
13.75 0
13.775 0
13.8 0
13.825 0
13.85 0
13.875 0
13.9 0
13.925 0
13.95 0
13.975 0
14 0
14.025 0
14.05 0
14.075 0
14.1 0
14.125 0
14.15 0
14.175 0
14.2 0
14.225 0
14.25 0
14.275 0
14.3 0
14.325 0
14.35 0
14.375 0
14.4 0
14.425 0
14.45 0
14.475 0
14.5 0
14.525 0
14.55 0
14.575 0
14.6 0
14.625 0
14.65 0
14.675 0
14.7 0
14.725 0
14.75 0
14.775 0
14.8 0
14.825 0
14.85 0
14.875 0
14.9 0
14.925 0
14.95 0
14.975 0
15 0
15.025 0
15.05 0
15.075 0
15.1 0
15.125 0
15.15 0
15.175 0
15.2 0
15.225 0
15.25 0
15.275 0
15.3 0
15.325 0
15.35 0
15.375 0
15.4 0
15.425 0
15.45 0
15.475 0
15.5 0
15.525 0
15.55 0
15.575 0
15.6 0
15.625 0
15.65 0
15.675 0
15.7 0
15.725 0
15.75 0
15.775 0
15.8 0
15.825 0
15.85 0
15.875 0
15.9 0
15.925 0
15.95 0
15.975 0
16 0
16.025 0
16.05 0
16.075 0
16.1 0
16.125 0
16.15 0
16.175 0
16.2 0
16.225 0
16.25 0
16.275 0
16.3 0
16.325 0
16.35 0
16.375 0
16.4 0
16.425 0
16.45 0
16.475 0
16.5 0
16.525 0
16.55 0
16.575 0
16.6 0
16.625 0
16.65 0
16.675 0
16.7 0
16.725 0
16.75 0
16.775 0
16.8 0
16.825 0
16.85 0
16.875 0
16.9 0
16.925 0
16.95 0
16.975 0
17 0
17.025 0
17.05 0
17.075 0
17.1 0
17.125 0
17.15 0
17.175 0
17.2 0
17.225 0
17.25 0
17.275 0
17.3 0
17.325 0
17.35 0
17.375 0
17.4 0
17.425 0
17.45 0
17.475 0
17.5 0
17.525 0
17.55 0
17.575 0
17.6 0
17.625 0
17.65 0
17.675 0
17.7 0
17.725 0
17.75 0
17.775 0
17.8 0
17.825 0
17.85 0
17.875 0
17.9 0
17.925 0
17.95 0
17.975 0
18 0
18.025 0
18.05 0
18.075 0
18.1 0
18.125 0
18.15 0
18.175 0
18.2 0
18.225 0
18.25 0
18.275 0
18.3 0
18.325 0
18.35 0
18.375 0
18.4 0
18.425 0
18.45 0
18.475 0
18.5 0
18.525 0
18.55 0
18.575 0
18.6 0
18.625 0
18.65 0
18.675 0
18.7 0
18.725 0
18.75 0
18.775 0
18.8 0
18.825 0
18.85 0
18.875 0
18.9 0
18.925 0
18.95 0
18.975 0
19 0
19.025 0
19.05 0
19.075 0
19.1 0
19.125 0
19.15 0
19.175 0
19.2 0
19.225 0
19.25 0
19.275 0
19.3 0
19.325 0
19.35 0
19.375 0
19.4 0
19.425 0
19.45 0
19.475 0
19.5 0
19.525 0
19.55 0
19.575 0
19.6 0
19.625 0
19.65 0
19.675 0
19.7 0
19.725 0
19.75 0
19.775 0
19.8 0
19.825 0
19.85 0
19.875 0
19.9 0
19.925 0
19.95 0
19.975 0
20 0
20.025 0
20.05 0
20.075 0
20.1 0
20.125 0
20.15 0
20.175 0
20.2 0
20.225 0
20.25 0
20.275 0
20.3 0
20.325 0
20.35 0
20.375 0
20.4 0
20.425 0
20.45 0
20.475 0
20.5 0
20.525 0
20.55 0
20.575 0
20.6 0
20.625 0
20.65 0
20.675 0
20.7 0
20.725 0
20.75 0
20.775 0
20.8 0
20.825 0
20.85 0
20.875 0
20.9 0
20.925 0
20.95 0
20.975 0
21 0
21.025 0
21.05 0
21.075 0
21.1 0
21.125 0
21.15 0
21.175 0
21.2 0
21.225 0
21.25 0
21.275 0
21.3 0
21.325 0
21.35 0
21.375 0
21.4 0
21.425 0
21.45 0
21.475 0
21.5 0
21.525 0
21.55 0
21.575 0
21.6 0
21.625 0
21.65 0
21.675 0
21.7 0
21.725 0
21.75 0
21.775 0
21.8 0
21.825 0
21.85 0
21.875 0
21.9 0
21.925 0
21.95 0
21.975 0
22 0
22.025 0
22.05 0
22.075 0
22.1 0
22.125 0
22.15 0
22.175 0
22.2 0
22.225 0
22.25 0
22.275 0
22.3 0
22.325 0
22.35 0
22.375 0
22.4 0
22.425 0
22.45 0
22.475 0
22.5 0
22.525 0
22.55 0
22.575 0
22.6 0
22.625 0
22.65 0
22.675 0
22.7 0
22.725 0
22.75 0
22.775 0
22.8 0
22.825 0
22.85 0
22.875 0
22.9 0
22.925 0
22.95 0
22.975 0
23 0
23.025 0
23.05 0
23.075 0
23.1 0
23.125 0
23.15 0
23.175 0
23.2 0
23.225 0
23.25 0
23.275 0
23.3 0
23.325 0
23.35 0
23.375 0
23.4 0
23.425 0
23.45 0
23.475 0
23.5 0
23.525 0
23.55 0
23.575 0
23.6 0
23.625 0
23.65 0
23.675 0
23.7 0
23.725 0
23.75 0
23.775 0
23.8 0
23.825 0
23.85 0
23.875 0
23.9 0
23.925 0
23.95 0
23.975 0
24 0
24.025 0
24.05 0
24.075 0
24.1 0
24.125 0
24.15 0
24.175 0
24.2 0
24.225 0
24.25 0
24.275 0
24.3 0
24.325 0
24.35 0
24.375 0
24.4 0
24.425 0
24.45 0
24.475 0
24.5 0
24.525 0
24.55 0
24.575 0
24.6 0
24.625 0
24.65 0
24.675 0
24.7 0
24.725 0
24.75 0
24.775 0
24.8 0
24.825 0
24.85 0
24.875 0
24.9 0
24.925 0
24.95 0
24.975 0
25 0
